0.906032	0	88	10240	32	0	0	0	0	2	40	0	0	6	11	9.17	4	2.49	4	7.27	normal
0.00025	0	84	16384	28	1	3000	1	100	7	41	1	0	6	11	9.17	4	2.49	4	7.27	attack
0.001306	0	88	10240	32	1	0	0	0	0	40	1	0	6	11	9.17	4	2.49	4	7.27	normal
0.00023	0	88	10240	32	0	0	0	0	1	42	0	0	6	11	9.17	4	2.49	4	7.27	attack
0.001904	0	88	10240	32	2	0	0	0	6	40	1	0	6	11	9.17	4	2.49	4	7.27	normal
0.001166	0	88	10240	32	2	0	0	0	5	40	1	0	6	11	9.17	4	2.49	4	7.27	normal
0.000966	0	88	10240	32	1	0	0	0	0	41	1	0	6	11	9.17	4	2.49	4	7.27	normal
0.00133	0	66	0	10	0	0	2	0	7	43	2	0	6	11	9.17	4	2.49	4	7.27	normal
0.009458	1	1104	0	1048	0	0	3	0	8	44	2	0	6	11	9.17	4	2.49	4	7.27	normal
0.001251	0	88	10240	32	2	0	0	0	3	40	1	0	6	11	9.17	4	2.49	4	7.27	normal
0.009076	1	1104	0	1048	0	0	3	0	8	45	2	0	6	11	9.17	4	2.49	4	7.27	normal
0.00267	0	88	10240	32	1	0	0	0	4	42	1	0	6	11	9.17	4	2.49	4	7.27	normal
0.001941	0	88	10240	32	2	0	0	0	4	43	1	0	6	11	9.17	4	2.49	4	7.27	normal
0.000955	0	88	10240	32	2	0	0	0	0	42	1	0	6	11	9.17	4	2.49	4	7.27	normal
0.000914	0	84	0	28	3	5359	1	1	7	46	1	0	6	11	9.17	4	2.49	4	7.27	normal
0.001484	0	88	10240	32	1	0	0	0	3	41	1	0	6	11	9.17	4	2.49	4	7.27	normal
0.000914	0	84	0	28	2	2985	1	100	9	48	1	0	6	11	9.17	4	2.49	4	7.27	normal
0.001885	0	88	10240	32	1	0	0	0	3	42	1	0	6	11	9.17	4	2.49	4	7.27	normal
0.002749	0	88	10240	32	2	0	0	0	5	42	1	0	6	11	9.17	4	2.49	4	7.27	normal
0.001087	0	88	10240	32	1	0	0	0	6	42	1	0	6	11	9.17	4	2.49	4	7.27	normal
0.000354	0	84	16384	28	1	3000	1	100	10	46	1	0	6	11	9.17	4	2.49	4	7.27	attack
0.000987	0	88	10240	32	3	0	0	0	5	43	1	0	6	11	9.17	4	2.49	4	7.27	normal
0.009655	1	1104	0	1048	0	0	3	0	8	49	2	0	6	11	9.17	4	2.49	4	7.27	normal
0.001965	0	88	10240	32	4	0	0	0	3	43	1	0	6	11	9.17	4	2.49	4	7.27	normal
0.001127	0	88	10240	32	4	0	0	0	4	46	1	0	6	11	9.17	4	2.49	4	7.27	normal
0.002949	0	88	10240	32	1	0	0	0	6	43	1	0	6	11	9.17	4	2.49	4	7.27	normal
0.002171	0	88	10240	32	3	0	0	0	6	44	1	0	6	11	9.17	4	2.49	4	7.27	normal
0.002243	0	84	0	28	3	2985	1	100	11	47	1	0	6	11	9.17	4	2.49	4	7.27	normal
0.001314	0	84	0	28	3	2985	1	100	11	47	1	0	6	11	9.17	4	2.49	4	7.27	normal
0.009495	1	1104	0	1048	0	0	3	0	8	51	2	0	6	11	9.17	4	2.49	4	7.27	normal
0.000954	0	84	0	28	2	3000	1	100	12	50	1	0	6	11	9.17	4	2.49	4	7.27	normal
0.000354	0	84	16384	28	1	3000	1	100	13	49	1	0	6	11	9.17	4	2.49	4	7.27	attack
0.000871	0	66	0	10	0	0	2	0	12	51	2	0	6	11	9.17	4	2.49	4	7.27	normal
0.001084	0	66	0	10	0	0	2	0	10	52	2	0	6	11	9.17	4	2.49	4	7.27	normal
0.001279	0	84	0	28	4	5279	1	1	9	48	1	0	6	11	9.17	4	2.49	4	7.27	normal
0.000914	0	84	0	28	5	5279	1	1	7	52	1	0	6	11	9.17	4	2.49	4	7.27	normal
0.001116	0	66	0	10	0	0	2	0	14	48	2	0	6	11	9.17	4	2.49	4	7.27	normal
0.001308	0	84	0	28	2	3000	1	100	10	53	1	0	6	11	9.17	4	2.49	4	7.27	normal
0.0013	0	84	0	28	4	2985	1	100	12	54	1	0	6	11	9.17	4	2.49	4	7.27	normal
0.000914	0	84	0	28	2	3000	1	100	15	49	1	0	6	11	9.17	4	2.49	4	7.27	normal
0.001034	0	84	0	28	3	2970	1	100	16	50	1	0	6	11	9.17	4	2.49	4	7.27	normal
0.001015	0	84	0	28	4	3000	1	100	15	50	1	0	6	11	9.17	4	2.49	4	7.27	normal
0.009075	1	1104	0	1048	0	0	3	0	8	53	2	0	6	11	9.17	4	2.49	4	7.27	normal
0.000954	0	84	0	28	2	3000	1	100	17	48	1	0	6	11	9.17	4	2.49	4	7.27	normal
0.002323	0	84	0	28	3	3000	1	100	9	51	1	0	6	11	9.17	4	2.49	4	7.27	normal
0.000915	0	84	0	28	5	3000	1	100	9	52	1	0	6	11	9.17	4	2.49	4	7.27	normal
0.001076	0	84	0	28	4	2970	1	100	17	49	1	0	6	11	9.17	4	2.49	4	7.27	normal
0.003668	0	66	0	10	0	0	2	0	13	50	2	0	6	11	9.17	4	2.49	4	7.27	normal
0.000914	0	84	0	28	5	2975	1	0	15	52	1	0	6	11	9.17	4	2.49	4	7.27	normal
0.000914	0	84	0	28	6	2975	1	0	9	54	1	0	6	11	9.17	4	2.49	4	7.27	normal
0.000914	0	84	0	28	4	3000	1	100	13	53	1	0	6	11	9.17	4	2.49	4	7.27	normal
0.005851	0	84	0	28	0	0	4	1,0	14	66	2	0	6	11	9.17	4	2.49	4	7.27	normal
0.006412	0	84	0	28	0	0	4	1,0	9	70	2	0	6	11	9.17	4	2.49	4	7.27	normal
0.002486	0	76	0	20	0	0	4	1	7	70	2	0	6	11	9.17	4	2.49	4	7.27	normal
0.003309	0	76	0	20	0	0	4	0	14	77	2	0	6	11	9.17	4	2.49	4	7.27	normal
0.004868	0	88	10240	32	2	0	0	0	5	40	1	0	7	10	6.29	2	2.49	3	6.82	normal
0.002148	0	88	10240	32	0	0	0	0	4	41	0	0	7	10	6.29	2	2.49	3	6.82	attack
0.001843	0	88	10240	32	1	0	0	0	2	40	1	0	7	10	6.29	2	2.49	3	6.82	normal
0.00095	0	88	10240	32	1	0	0	0	8	40	1	0	7	10	6.29	2	2.49	3	6.82	normal
0.000956	0	88	10240	32	3	0	0	0	7	40	1	0	7	10	6.29	2	2.49	3	6.82	normal
0.001247	0	88	10240	32	4	0	0	0	8	41	1	0	7	10	6.29	2	2.49	3	6.82	normal
0.001546	0	88	10240	32	4	0	0	0	2	41	1	0	7	10	6.29	2	2.49	3	6.82	normal
0.003251	0	88	10240	32	1	0	0	0	7	41	1	0	7	10	6.29	2	2.49	3	6.82	normal
0.001138	0	88	10240	32	1	0	0	0	1	41	1	0	7	10	6.29	2	2.49	3	6.82	normal
0.00181	0	88	10240	32	1	0	0	0	1	42	1	0	7	10	6.29	2	2.49	3	6.82	normal
0.000956	0	88	10240	32	3	0	0	0	7	42	1	0	7	10	6.29	2	2.49	3	6.82	normal
0.000986	0	88	10240	32	2	0	0	0	1	43	1	0	7	10	6.29	2	2.49	3	6.82	normal
0.002356	0	88	10240	32	3	0	0	0	6	42	1	0	7	10	6.29	2	2.49	3	6.82	normal
0.001007	0	88	10240	32	1	0	0	0	3	41	1	0	7	10	6.29	2	2.49	3	6.82	normal
0.002075	0	88	10240	32	4	0	0	0	8	42	1	0	7	10	6.29	2	2.49	3	6.82	normal
0.002404	0	88	10240	32	3	0	0	0	7	43	1	0	7	10	6.29	2	2.49	3	6.82	normal
0.000354	0	84	16384	28	1	3000	1	100	9	44	1	0	7	10	6.29	2	2.49	3	6.82	attack
0.001252	0	88	10240	32	4	0	0	0	2	42	1	0	7	10	6.29	2	2.49	3	6.82	normal
0.001922	0	88	10240	32	1	0	0	0	3	42	1	0	7	10	6.29	2	2.49	3	6.82	normal
0.000967	0	88	10240	32	4	0	0	0	8	43	1	0	7	10	6.29	2	2.49	3	6.82	normal
0.002758	0	88	10240	32	1	0	0	0	5	42	1	0	7	10	6.29	2	2.49	3	6.82	normal
0.003565	0	84	16384	28	1	3000	1	100	10	46	1	0	7	10	6.29	2	2.49	3	6.82	attack
0.001123	0	88	10240	32	3	0	0	0	6	43	1	0	7	10	6.29	2	2.49	3	6.82	normal
0.001025	0	84	16384	28	1	3000	1	100	11	47	1	0	7	10	6.29	2	2.49	3	6.82	attack
0.002336	0	88	10240	32	4	0	0	0	3	43	1	0	7	10	6.29	2	2.49	3	6.82	normal
0.001126	0	88	10240	32	4	0	0	0	1	46	1	0	7	10	6.29	2	2.49	3	6.82	normal
0.000986	0	88	10240	32	1	0	0	0	5	43	1	0	7	10	6.29	2	2.49	3	6.82	normal
0.00079	0	66	0	10	0	0	2	0	11	48	2	0	7	10	6.29	2	2.49	3	6.82	normal
0.001371	0	88	10240	32	3	0	0	0	5	44	1	0	7	10	6.29	2	2.49	3	6.82	normal
0.000934	0	84	0	28	4	3000	1	100	11	49	1	0	7	10	6.29	2	2.49	3	6.82	normal
0.000914	0	84	0	28	2	3000	1	100	12	50	1	0	7	10	6.29	2	2.49	3	6.82	normal
0.000954	0	84	0	28	2	3000	1	100	10	50	1	0	7	10	6.29	2	2.49	3	6.82	normal
0.003209	0	66	0	10	0	0	2	0	10	51	2	0	7	10	6.29	2	2.49	3	6.82	normal
0.001075	0	66	0	10	0	0	2	0	13	52	2	0	7	10	6.29	2	2.49	3	6.82	normal
0.003642	0	66	0	10	0	0	2	0	9	48	2	0	7	10	6.29	2	2.49	3	6.82	normal
0.001299	0	84	0	28	2	3000	1	100	13	53	1	0	7	10	6.29	2	2.49	3	6.82	normal
0.001309	0	84	0	28	4	2985	1	100	10	54	1	0	7	10	6.29	2	2.49	3	6.82	normal
0.000914	0	84	0	28	2	3000	1	100	14	49	1	0	7	10	6.29	2	2.49	3	6.82	normal
0.004561	0	84	0	28	4	3000	1	100	14	50	1	0	7	10	6.29	2	2.49	3	6.82	normal
0.000914	0	84	0	28	5	2975	1	0	14	52	1	0	7	10	6.29	2	2.49	3	6.82	normal
0.000914	0	84	0	28	5	2993	1	0	11	52	1	0	7	10	6.29	2	2.49	3	6.82	normal
0.003356	0	84	0	28	0	0	4	1,0	9	66	2	0	7	10	6.29	2	2.49	3	6.82	normal
0.001018	0	92	0	36	0	0	4	1,1,0	11	67	2	0	7	10	6.29	2	2.49	3	6.82	normal
0.003309	0	76	0	20	0	0	4	0	9	77	2	0	7	10	6.29	2	2.49	3	6.82	normal
0.939382	0	88	10240	32	4	0	0	0	1	40	1	0	2	21	19	4	2.61	9	23.68	normal
0.004	0	88	10240	32	0	0	0	0	2	40	0	0	2	21	19	4	2.61	9	23.68	attack
0.001843	0	88	10240	32	1	0	0	0	1	41	1	0	2	21	19	4	2.61	9	23.68	normal
0.003342	0	88	10240	32	5	0	0	0	4	40	1	0	2	21	19	4	2.61	9	23.68	normal
0.002823	0	88	10240	32	3	0	0	0	1	43	1	0	2	21	19	4	2.61	9	23.68	normal
0.000346	0	84	16384	28	1	3000	1	100	6	42	1	0	2	21	19	4	2.61	9	23.68	attack
0.001507	0	88	10240	32	1	0	0	0	4	41	1	0	2	21	19	4	2.61	9	23.68	normal
0.001862	0	88	10240	32	3	0	0	0	1	45	1	0	2	21	19	4	2.61	9	23.68	normal
0.001024	0	88	10240	32	4	0	0	0	4	42	1	0	2	21	19	4	2.61	9	23.68	normal
0.000914	0	84	0	28	2	3000	1	100	7	47	1	0	2	21	19	4	2.61	9	23.68	normal
0.001236	0	84	16384	28	1	3000	1	100	6	43	1	0	2	21	19	4	2.61	9	23.68	attack
0.002057	0	88	10240	32	4	0	0	0	4	43	1	0	2	21	19	4	2.61	9	23.68	normal
0.000975	0	84	0	28	2	3000	1	100	7	48	1	0	2	21	19	4	2.61	9	23.68	normal
0.00105	0	66	0	10	0	0	2	0	6	49	2	0	2	21	19	4	2.61	9	23.68	normal
0.001507	0	84	16384	28	1	3000	1	100	6	46	1	0	2	21	19	4	2.61	9	23.68	attack
0.00085	0	66	0	10	0	0	2	0	6	50	2	0	2	21	19	4	2.61	9	23.68	normal
0.001355	0	66	0	10	0	0	2	0	6	51	2	0	2	21	19	4	2.61	9	23.68	normal
0.003381	0	84	0	28	2	3000	1	100	7	52	1	0	2	21	19	4	2.61	9	23.68	normal
0.000914	0	84	0	28	4	3000	1	100	6	54	1	0	2	21	19	4	2.61	9	23.68	normal
0.000914	0	84	0	28	4	3000	1	100	6	55	1	0	2	21	19	4	2.61	9	23.68	normal
0.000914	0	84	0	28	6	2970	1	100	6	56	1	0	2	21	19	4	2.61	9	23.68	normal
0.001014	0	84	0	28	2	2994	1	0	8	47	1	0	2	21	19	4	2.61	9	23.68	normal
0.001074	0	84	0	28	2	2975	1	0	9	49	1	0	2	21	19	4	2.61	9	23.68	normal
0.000914	0	84	0	28	3	2975	1	0	7	59	1	0	2	21	19	4	2.61	9	23.68	normal
0.003459	0	84	0	28	2	2993	1	0	9	50	1	0	2	21	19	4	2.61	9	23.68	normal
0.000914	0	84	0	28	3	2993	1	0	7	60	1	0	2	21	19	4	2.61	9	23.68	normal
0.002599	0	66	0	10	0	0	2	0	10	51	2	0	2	21	19	4	2.61	9	23.68	normal
0.001947	0	66	0	10	0	0	2	0	10	52	2	0	2	21	19	4	2.61	9	23.68	normal
0.00192	0	66	0	10	0	0	2	0	10	53	2	0	2	21	19	4	2.61	9	23.68	normal
0.00085	0	76	0	20	0	0	4	1	6	67	2	0	2	21	19	4	2.61	9	23.68	normal
0.001486	0	76	0	20	0	0	4	0	4	62	2	0	2	21	19	4	2.61	9	23.68	normal
0.003311	0	100	0	44	0	0	4	1,1,1,0	10	65	2	0	2	21	19	4	2.61	9	23.68	normal
0.007486	0	76	0	20	0	0	4	1	6	72	2	0	2	21	19	4	2.61	9	23.68	normal
0.005486	0	76	0	20	0	0	4	1	6	74	2	0	2	21	19	4	2.61	9	23.68	normal
0.005486	0	76	0	20	0	0	4	1	6	79	2	0	2	21	19	4	2.61	9	23.68	normal
0.010801	0	76	0	20	0	0	4	0	6	102	2	0	2	21	19	4	2.61	9	23.68	normal
0.006558	0	76	0	20	0	0	4	0	6	111	2	0	2	21	19	4	2.61	9	23.68	normal
0.005258	0	76	0	20	0	0	4	0	4	102	2	0	2	21	19	4	2.61	9	23.68	normal
0.001214	0	84	0	28	6	5119	1	1	3	41	1	0	1	7	8	1	2.67	2	25	normal
0.003416	0	84	0	28	2	5439	1	1	3	42	1	0	1	7	8	1	2.67	2	25	normal
0.008823	0	84	0	28	5	5199	1	1	3	46	1	0	1	7	8	1	2.67	2	25	normal
0.001014	0	84	16384	28	1	2975	1	0	4	48	1	0	1	7	8	1	2.67	2	25	normal
0.00161	0	84	16384	28	1	2994	1	0	4	49	1	0	1	7	8	1	2.67	2	25	normal
0.001329	0	84	16384	28	1	2993	1	0	4	50	1	0	1	7	8	1	2.67	2	25	normal
0.041665	0	76	0	20	0	0	4	0	4	60	2	0	1	7	8	1	2.67	2	25	normal
0.002057	0	100	0	44	0	0	4	1,1,1,0	4	65	2	0	1	7	8	1	2.67	2	25	normal
0.906	0	88	10240	32	0	0	0	0	2	40	0	0	2	11	13	4	2.44	2	7.69	normal
0.002029	0	84	16384	28	1	3000	1	100	4	41	1	0	2	11	13	4	2.44	2	7.69	attack
0.001611	0	88	10240	32	1	0	0	0	0	40	1	0	2	11	13	4	2.44	2	7.69	normal
0.001126	0	88	10240	32	0	0	0	0	1	42	0	0	2	11	13	4	2.44	2	7.69	attack
0.003141	0	88	10240	32	1	0	0	0	0	41	1	0	2	11	13	4	2.44	2	7.69	normal
0.000914	0	66	0	10	0	0	2	0	4	43	2	0	2	11	13	4	2.44	2	7.69	normal
0.00013	1	1104	0	1048	0	0	3	0	5	44	2	0	2	11	13	4	2.44	2	7.69	normal
0.000997	1	1104	0	1048	0	0	3	0	5	45	2	0	2	11	13	4	2.44	2	7.69	normal
0.005262	0	88	10240	32	2	0	0	0	0	42	1	0	2	11	13	4	2.44	2	7.69	normal
0.00005	0	84	0	28	3	5359	1	1	4	46	1	0	2	11	13	4	2.44	2	7.69	normal
0.000354	0	84	0	28	2	2985	1	100	6	48	1	0	2	11	13	4	2.44	2	7.69	normal
0.000914	0	84	16384	28	1	3000	1	100	7	46	1	0	2	11	13	4	2.44	2	7.69	attack
0.00063	1	1104	0	1048	0	0	3	0	5	49	2	0	2	11	13	4	2.44	2	7.69	normal
0.008258	0	84	0	28	3	2985	1	100	8	47	1	0	2	11	13	4	2.44	2	7.69	normal
0.001629	0	84	0	28	3	2985	1	100	8	47	1	0	2	11	13	4	2.44	2	7.69	normal
0.000785	1	1104	0	1048	0	0	3	0	5	51	2	0	2	11	13	4	2.44	2	7.69	normal
0.000914	0	84	16384	28	1	3000	1	100	9	49	1	0	2	11	13	4	2.44	2	7.69	attack
0.000974	0	84	0	28	4	5279	1	1	6	48	1	0	2	11	13	4	2.44	2	7.69	normal
0.000354	0	84	0	28	5	5279	1	1	4	52	1	0	2	11	13	4	2.44	2	7.69	normal
0.001034	0	84	0	28	3	2970	1	100	10	50	1	0	2	11	13	4	2.44	2	7.69	normal
0.00005	1	1104	0	1048	0	0	3	0	5	53	2	0	2	11	13	4	2.44	2	7.69	normal
0.003592	0	84	0	28	3	3000	1	100	6	51	1	0	2	11	13	4	2.44	2	7.69	normal
0.001219	0	84	0	28	5	3000	1	100	6	52	1	0	2	11	13	4	2.44	2	7.69	normal
0.000914	0	84	0	28	6	2975	1	0	6	54	1	0	2	11	13	4	2.44	2	7.69	normal
0.006412	0	84	0	28	0	0	4	1,0	6	70	2	0	2	11	13	4	2.44	2	7.69	normal
0.00199	0	76	0	20	0	0	4	1	4	70	2	0	2	11	13	4	2.44	2	7.69	normal
0.923246	0	88	10240	32	4	0	0	0	0	40	1	0	2	19	16	4	3.38	8	25	normal
0.005843	0	88	10240	32	1	0	0	0	0	41	1	0	2	19	16	4	3.38	8	25	normal
0.002157	0	88	10240	32	5	0	0	0	2	40	1	0	2	19	16	4	3.38	8	25	normal
0.000505	0	88	10240	32	2	0	0	0	2	41	1	0	2	19	16	4	3.38	8	25	normal
0.00567	0	88	10240	32	3	0	0	0	0	43	1	0	2	19	16	4	3.38	8	25	normal
0.003695	0	88	10240	32	4	0	0	0	2	42	1	0	2	19	16	4	3.38	8	25	normal
0.001862	0	88	10240	32	3	0	0	0	0	45	1	0	2	19	16	4	3.38	8	25	normal
0.000914	0	84	0	28	2	3000	1	100	3	47	1	0	2	19	16	4	3.38	8	25	normal
0.001005	0	88	10240	32	4	0	0	0	2	43	1	0	2	19	16	4	3.38	8	25	normal
0.002277	0	84	0	28	2	3000	1	100	3	48	1	0	2	19	16	4	3.38	8	25	normal
0.00105	0	66	0	10	0	0	2	0	4	49	2	0	2	19	16	4	3.38	8	25	normal
0.00085	0	66	0	10	0	0	2	0	4	50	2	0	2	19	16	4	3.38	8	25	normal
0.001365	0	66	0	10	0	0	2	0	4	51	2	0	2	19	16	4	3.38	8	25	normal
0.003391	0	84	0	28	2	3000	1	100	3	52	1	0	2	19	16	4	3.38	8	25	normal
0.000914	0	84	0	28	4	3000	1	100	4	54	1	0	2	19	16	4	3.38	8	25	normal
0.000914	0	84	0	28	3	3000	1	100	3	54	1	0	2	19	16	4	3.38	8	25	normal
0.000914	0	84	0	28	4	3000	1	100	4	55	1	0	2	19	16	4	3.38	8	25	normal
0.000914	0	84	0	28	5	2970	1	100	3	55	1	0	2	19	16	4	3.38	8	25	normal
0.000914	0	84	0	28	6	2970	1	100	4	56	1	0	2	19	16	4	3.38	8	25	normal
0.000914	0	84	0	28	3	2975	1	0	3	59	1	0	2	19	16	4	3.38	8	25	normal
0.000914	0	84	0	28	4	2975	1	0	6	58	1	0	2	19	16	4	3.38	8	25	normal
0.000914	0	84	0	28	3	2993	1	0	3	60	1	0	2	19	16	4	3.38	8	25	normal
0.001014	0	84	0	28	4	2993	1	0	7	59	1	0	2	19	16	4	3.38	8	25	normal
0.002287	0	84	0	28	3	3000	1	100	8	60	1	0	2	19	16	4	3.38	8	25	normal
0.97899	0	84	0	28	0	0	4	1,0	3	67	2	0	2	19	16	4	3.38	8	25	normal
0.00085	0	76	0	20	0	0	4	1	4	67	2	0	2	19	16	4	3.38	8	25	normal
0.005765	0	84	0	28	0	0	4	1,0	3	72	2	0	2	19	16	4	3.38	8	25	normal
0.001791	0	76	0	20	0	0	4	1	4	72	2	0	2	19	16	4	3.38	8	25	normal
0.004746	0	76	0	20	0	0	4	1	3	74	2	0	2	19	16	4	3.38	8	25	normal
0.005486	0	76	0	20	0	0	4	1	4	74	2	0	2	19	16	4	3.38	8	25	normal
0.003721	0	84	0	28	0	0	4	1,0	3	79	2	0	2	19	16	4	3.38	8	25	normal
0.001747	0	76	0	20	0	0	4	1	4	79	2	0	2	19	16	4	3.38	8	25	normal
0.024426	0	88	10240	32	5	0	0	0	3	40	1	0	1	12	20	8	2.93	3	15	normal
0.000654	0	84	0	28	6	5119	1	1	4	41	1	0	1	12	20	8	2.93	3	15	normal
0.002501	0	88	10240	32	1	0	0	0	3	41	1	0	1	12	20	8	2.93	3	15	normal
0.00005	0	84	0	28	2	5439	1	1	4	42	1	0	1	12	20	8	2.93	3	15	normal
0.003555	0	88	10240	32	4	0	0	0	3	42	1	0	1	12	20	8	2.93	3	15	normal
0.00005	0	84	0	28	5	5199	1	1	4	45	1	0	1	12	20	8	2.93	3	15	normal
0.007909	0	88	10240	32	4	0	0	0	3	43	1	0	1	12	20	8	2.93	3	15	normal
0.00005	0	84	0	28	5	5199	1	1	4	46	1	0	1	12	20	8	2.93	3	15	normal
0.000454	0	84	16384	28	1	2975	1	0	5	48	1	0	1	12	20	8	2.93	3	15	normal
0.00043	0	84	16384	28	1	2994	1	0	5	49	1	0	1	12	20	8	2.93	3	15	normal
0.00015	0	84	16384	28	1	2993	1	0	5	50	1	0	1	12	20	8	2.93	3	15	normal
0.001169	0	84	0	28	2	2994	1	0	6	47	1	0	1	12	20	8	2.93	3	15	normal
0.001074	0	84	0	28	2	2975	1	0	7	49	1	0	1	12	20	8	2.93	3	15	normal
0.004688	0	84	0	28	2	2993	1	0	7	50	1	0	1	12	20	8	2.93	3	15	normal
0.003829	0	66	0	10	0	0	2	0	5	51	2	0	1	12	20	8	2.93	3	15	normal
0.001936	0	66	0	10	0	0	2	0	5	52	2	0	1	12	20	8	2.93	3	15	normal
0.001911	0	66	0	10	0	0	2	0	5	53	2	0	1	12	20	8	2.93	3	15	normal
0.039014	0	76	0	20	0	0	4	0	5	60	2	0	1	12	20	8	2.93	3	15	normal
0.001486	0	76	0	20	0	0	4	0	3	62	2	0	1	12	20	8	2.93	3	15	normal
0.002921	0	100	0	44	0	0	4	1,1,1,0	5	65	2	0	1	12	20	8	2.93	3	15	normal
0.001115	0	84	16384	28	1	3000	1	100	12	41	1	0	8	10	6.38	1	2.37	4	7.84	attack
0.00162	0	88	10240	32	1	0	0	0	0	40	1	0	8	10	6.38	1	2.37	4	7.84	normal
0.001127	0	88	10240	32	0	0	0	0	10	42	0	0	8	10	6.38	1	2.37	4	7.84	attack
0.001006	0	88	10240	32	2	0	0	0	6	40	1	0	8	10	6.38	1	2.37	4	7.84	normal
0.002134	0	88	10240	32	1	0	0	0	0	41	1	0	8	10	6.38	1	2.37	4	7.84	normal
0.002339	0	88	10240	32	0	0	0	0	5	41	0	0	8	10	6.38	1	2.37	4	7.84	attack
0.002853	0	88	10240	32	3	0	0	0	2	40	1	0	8	10	6.38	1	2.37	4	7.84	normal
0.006044	0	88	10240	32	1	0	0	0	2	41	1	0	8	10	6.38	1	2.37	4	7.84	normal
0.000242	0	88	10240	32	2	0	0	0	3	40	1	0	8	10	6.38	1	2.37	4	7.84	normal
0.001106	0	88	10240	32	1	0	0	0	1	42	1	0	8	10	6.38	1	2.37	4	7.84	normal
0.000956	0	88	10240	32	3	0	0	0	2	42	1	0	8	10	6.38	1	2.37	4	7.84	normal
0.000986	0	88	10240	32	2	0	0	0	1	43	1	0	8	10	6.38	1	2.37	4	7.84	normal
0.000955	0	88	10240	32	2	0	0	0	0	42	1	0	8	10	6.38	1	2.37	4	7.84	normal
0.001402	0	88	10240	32	3	0	0	0	8	42	1	0	8	10	6.38	1	2.37	4	7.84	normal
0.00011	0	88	10240	32	1	0	0	0	3	41	1	0	8	10	6.38	1	2.37	4	7.84	normal
0.001836	0	88	10240	32	3	0	0	0	2	43	1	0	8	10	6.38	1	2.37	4	7.84	normal
0.000914	0	84	16384	28	1	3000	1	100	13	44	1	0	8	10	6.38	1	2.37	4	7.84	attack
0.000284	0	88	10240	32	1	0	0	0	3	42	1	0	8	10	6.38	1	2.37	4	7.84	normal
0.002053	0	88	10240	32	1	0	0	0	6	42	1	0	8	10	6.38	1	2.37	4	7.84	normal
0.000914	0	84	16384	28	1	3000	1	100	14	46	1	0	8	10	6.38	1	2.37	4	7.84	attack
0.004124	0	84	16384	28	1	3000	1	100	15	46	1	0	8	10	6.38	1	2.37	4	7.84	attack
0.001123	0	88	10240	32	3	0	0	0	8	43	1	0	8	10	6.38	1	2.37	4	7.84	normal
0.00189	0	84	16384	28	1	3000	1	100	16	47	1	0	8	10	6.38	1	2.37	4	7.84	attack
0.000364	0	88	10240	32	4	0	0	0	3	43	1	0	8	10	6.38	1	2.37	4	7.84	normal
0.002023	0	88	10240	32	4	0	0	0	1	46	1	0	8	10	6.38	1	2.37	4	7.84	normal
0.000986	0	88	10240	32	1	0	0	0	6	43	1	0	8	10	6.38	1	2.37	4	7.84	normal
0.00079	0	66	0	10	0	0	2	0	16	48	2	0	8	10	6.38	1	2.37	4	7.84	normal
0.001066	0	88	10240	32	3	0	0	0	6	44	1	0	8	10	6.38	1	2.37	4	7.84	normal
0.000934	0	84	0	28	4	3000	1	100	16	49	1	0	8	10	6.38	1	2.37	4	7.84	normal
0.001315	0	84	0	28	3	2985	1	100	17	47	1	0	8	10	6.38	1	2.37	4	7.84	normal
0.000914	0	84	0	28	2	3000	1	100	18	50	1	0	8	10	6.38	1	2.37	4	7.84	normal
0.000954	0	84	0	28	2	3000	1	100	15	50	1	0	8	10	6.38	1	2.37	4	7.84	normal
0.000914	0	84	16384	28	1	3000	1	100	19	49	1	0	8	10	6.38	1	2.37	4	7.84	attack
0.001185	0	66	0	10	0	0	2	0	15	51	2	0	8	10	6.38	1	2.37	4	7.84	normal
0.00077	0	66	0	10	0	0	2	0	14	52	2	0	8	10	6.38	1	2.37	4	7.84	normal
0.000974	0	84	0	28	4	5279	1	1	20	48	1	0	8	10	6.38	1	2.37	4	7.84	normal
0.000811	0	66	0	10	0	0	2	0	13	48	2	0	8	10	6.38	1	2.37	4	7.84	normal
0.000994	0	84	0	28	2	3000	1	100	14	53	1	0	8	10	6.38	1	2.37	4	7.84	normal
0.000994	0	84	0	28	4	2985	1	100	15	54	1	0	8	10	6.38	1	2.37	4	7.84	normal
0.000914	0	84	0	28	2	3000	1	100	21	49	1	0	8	10	6.38	1	2.37	4	7.84	normal
0.001034	0	84	0	28	3	2970	1	100	22	50	1	0	8	10	6.38	1	2.37	4	7.84	normal
0.003212	0	84	0	28	4	3000	1	100	21	50	1	0	8	10	6.38	1	2.37	4	7.84	normal
0.003592	0	84	0	28	3	3000	1	100	20	51	1	0	8	10	6.38	1	2.37	4	7.84	normal
0.001229	0	84	0	28	5	3000	1	100	20	52	1	0	8	10	6.38	1	2.37	4	7.84	normal
0.000914	0	84	0	28	5	2975	1	0	21	52	1	0	8	10	6.38	1	2.37	4	7.84	normal
0.000914	0	84	0	28	6	2975	1	0	20	54	1	0	8	10	6.38	1	2.37	4	7.84	normal
0.000914	0	84	0	28	5	2993	1	0	16	52	1	0	8	10	6.38	1	2.37	4	7.84	normal
0.003356	0	84	0	28	0	0	4	1,0	13	66	2	0	8	10	6.38	1	2.37	4	7.84	normal
0.002938	0	92	0	36	0	0	4	1,1,0	16	67	2	0	8	10	6.38	1	2.37	4	7.84	normal
0.002486	0	76	0	20	0	0	4	1	12	70	2	0	8	10	6.38	1	2.37	4	7.84	normal
0.004173	0	76	0	20	0	0	4	0	13	77	2	0	8	10	6.38	1	2.37	4	7.84	normal
0.913485	0	88	10240	32	3	0	0	0	3	40	1	0	4	21	14.25	4	2.85	12	21.05	normal
0.008	0	88	10240	32	4	0	0	0	1	40	1	0	4	21	14.25	4	2.85	12	21.05	normal
0.005793	0	88	10240	32	0	0	0	0	2	40	0	0	4	21	14.25	4	2.85	12	21.05	attack
0.00005	0	88	10240	32	1	0	0	0	1	41	1	0	4	21	14.25	4	2.85	12	21.05	normal
0.002024	0	88	10240	32	2	0	0	0	3	41	1	0	4	21	14.25	4	2.85	12	21.05	normal
0.001132	0	88	10240	32	5	0	0	0	4	40	1	0	4	21	14.25	4	2.85	12	21.05	normal
0.001087	0	88	10240	32	2	0	0	0	4	41	1	0	4	21	14.25	4	2.85	12	21.05	normal
0.001007	0	88	10240	32	2	0	0	0	3	42	1	0	4	21	14.25	4	2.85	12	21.05	normal
0.000945	0	88	10240	32	5	0	0	0	5	40	1	0	4	21	14.25	4	2.85	12	21.05	normal
0.001926	0	88	10240	32	3	0	0	0	1	43	1	0	4	21	14.25	4	2.85	12	21.05	normal
0.002107	0	84	16384	28	1	3000	1	100	6	42	1	0	4	21	14.25	4	2.85	12	21.05	attack
0.001811	0	88	10240	32	1	0	0	0	5	41	1	0	4	21	14.25	4	2.85	12	21.05	normal
0.001435	0	88	10240	32	2	0	0	0	3	43	1	0	4	21	14.25	4	2.85	12	21.05	normal
0.001649	0	88	10240	32	4	0	0	0	4	42	1	0	4	21	14.25	4	2.85	12	21.05	normal
0.001671	0	88	10240	32	3	0	0	0	1	45	1	0	4	21	14.25	4	2.85	12	21.05	normal
0.00192	0	88	10240	32	4	0	0	0	5	42	1	0	4	21	14.25	4	2.85	12	21.05	normal
0.000354	0	84	0	28	2	3000	1	100	7	47	1	0	4	21	14.25	4	2.85	12	21.05	normal
0.001786	0	84	16384	28	1	3000	1	100	6	43	1	0	4	21	14.25	4	2.85	12	21.05	attack
0.000947	0	88	10240	32	4	0	0	0	4	43	1	0	4	21	14.25	4	2.85	12	21.05	normal
0.000515	0	84	0	28	2	3000	1	100	7	48	1	0	4	21	14.25	4	2.85	12	21.05	normal
0.000634	0	66	0	10	0	0	2	0	6	49	2	0	4	21	14.25	4	2.85	12	21.05	normal
0.000935	0	84	16384	28	1	3000	1	100	6	46	1	0	4	21	14.25	4	2.85	12	21.05	attack
0.000434	0	66	0	10	0	0	2	0	6	50	2	0	4	21	14.25	4	2.85	12	21.05	normal
0.00033	0	66	0	10	0	0	2	0	6	51	2	0	4	21	14.25	4	2.85	12	21.05	normal
0.00041	0	84	0	28	2	3000	1	100	7	52	1	0	4	21	14.25	4	2.85	12	21.05	normal
0.003108	0	84	0	28	3	3000	1	100	8	48	1	0	4	21	14.25	4	2.85	12	21.05	normal
0.009046	0	84	0	28	3	3000	1	100	8	48	1	0	4	21	14.25	4	2.85	12	21.05	normal
0.001194	0	84	0	28	3	3000	1	100	7	51	1	0	4	21	14.25	4	2.85	12	21.05	normal
0.000354	0	84	0	28	4	3000	1	100	6	54	1	0	4	21	14.25	4	2.85	12	21.05	normal
0.000914	0	84	0	28	3	3000	1	100	9	52	1	0	4	21	14.25	4	2.85	12	21.05	normal
0.000914	0	84	0	28	3	3000	1	100	7	54	1	0	4	21	14.25	4	2.85	12	21.05	normal
0.000354	0	84	0	28	4	3000	1	100	6	55	1	0	4	21	14.25	4	2.85	12	21.05	normal
0.000914	0	84	0	28	5	2970	1	100	7	55	1	0	4	21	14.25	4	2.85	12	21.05	normal
0.000354	0	84	0	28	6	2970	1	100	6	56	1	0	4	21	14.25	4	2.85	12	21.05	normal
0.001014	0	84	0	28	2	2994	1	0	10	47	1	0	4	21	14.25	4	2.85	12	21.05	normal
0.001074	0	84	0	28	2	2975	1	0	11	49	1	0	4	21	14.25	4	2.85	12	21.05	normal
0.000354	0	84	0	28	3	2975	1	0	7	59	1	0	4	21	14.25	4	2.85	12	21.05	normal
0.000914	0	84	0	28	4	2975	1	0	9	58	1	0	4	21	14.25	4	2.85	12	21.05	normal
0.000995	0	84	0	28	2	2993	1	0	11	50	1	0	4	21	14.25	4	2.85	12	21.05	normal
0.000354	0	84	0	28	3	2993	1	0	7	60	1	0	4	21	14.25	4	2.85	12	21.05	normal
0.001014	0	84	0	28	4	2993	1	0	8	59	1	0	4	21	14.25	4	2.85	12	21.05	normal
0.001272	0	66	0	10	0	0	2	0	12	51	2	0	4	21	14.25	4	2.85	12	21.05	normal
0.000891	0	66	0	10	0	0	2	0	12	52	2	0	4	21	14.25	4	2.85	12	21.05	normal
0.001232	0	66	0	10	0	0	2	0	12	53	2	0	4	21	14.25	4	2.85	12	21.05	normal
0.001055	0	84	0	28	3	3000	1	100	13	60	1	0	4	21	14.25	4	2.85	12	21.05	normal
0.010865	0	84	0	28	0	0	4	1,0	7	67	2	0	4	21	14.25	4	2.85	12	21.05	normal
0.000354	0	76	0	20	0	0	4	1	6	67	2	0	4	21	14.25	4	2.85	12	21.05	normal
0.001486	0	76	0	20	0	0	4	0	5	62	2	0	4	21	14.25	4	2.85	12	21.05	normal
0.00663	0	84	0	28	0	0	4	1,0	7	72	2	0	4	21	14.25	4	2.85	12	21.05	normal
0.000125	0	76	0	20	0	0	4	1	6	72	2	0	4	21	14.25	4	2.85	12	21.05	normal
0.003881	0	76	0	20	0	0	4	1	7	74	2	0	4	21	14.25	4	2.85	12	21.05	normal
0.00499	0	76	0	20	0	0	4	1	6	74	2	0	4	21	14.25	4	2.85	12	21.05	normal
0.004586	0	84	0	28	0	0	4	1,0	7	79	2	0	4	21	14.25	4	2.85	12	21.05	normal
0.000081	0	76	0	20	0	0	4	1	6	79	2	0	4	21	14.25	4	2.85	12	21.05	normal
0.01	0	76	0	20	0	0	4	0	6	102	2	0	4	21	14.25	4	2.85	12	21.05	normal
0.004894	0	76	0	20	0	0	4	0	6	111	2	0	4	21	14.25	4	2.85	12	21.05	normal
0.000851	0	76	0	20	0	0	4	0	5	102	2	0	4	21	14.25	4	2.85	12	21.05	normal
0.001115	0	84	16384	28	1	3000	1	100	11	41	1	0	8	15	8.5	2	2.68	10	14.71	attack
0.001621	0	88	10240	32	1	0	0	0	0	40	1	0	8	15	8.5	2	2.68	10	14.71	normal
0.001126	0	88	10240	32	0	0	0	0	10	42	0	0	8	15	8.5	2	2.68	10	14.71	attack
0.001006	0	88	10240	32	2	0	0	0	7	40	1	0	8	15	8.5	2	2.68	10	14.71	normal
0.00027	0	88	10240	32	2	0	0	0	4	40	1	0	8	15	8.5	2	2.68	10	14.71	normal
0.001864	0	88	10240	32	1	0	0	0	0	41	1	0	8	15	8.5	2	2.68	10	14.71	normal
0.001191	0	88	10240	32	3	0	0	0	8	40	1	0	8	15	8.5	2	2.68	10	14.71	normal
0.003233	0	88	10240	32	3	0	0	0	2	40	1	0	8	15	8.5	2	2.68	10	14.71	normal
0.006044	0	88	10240	32	1	0	0	0	2	41	1	0	8	15	8.5	2	2.68	10	14.71	normal
0.000242	0	88	10240	32	1	0	0	0	4	41	1	0	8	15	8.5	2	2.68	10	14.71	normal
0.005581	0	88	10240	32	2	0	0	0	8	41	1	0	8	15	8.5	2	2.68	10	14.71	normal
0.005129	0	88	10240	32	2	0	0	0	8	42	1	0	8	15	8.5	2	2.68	10	14.71	normal
0.001942	0	88	10240	32	1	0	0	0	1	42	1	0	8	15	8.5	2	2.68	10	14.71	normal
0.000955	0	88	10240	32	3	0	0	0	2	42	1	0	8	15	8.5	2	2.68	10	14.71	normal
0.000987	0	88	10240	32	2	0	0	0	1	43	1	0	8	15	8.5	2	2.68	10	14.71	normal
0.000954	0	88	10240	32	2	0	0	0	0	42	1	0	8	15	8.5	2	2.68	10	14.71	normal
0.001402	0	88	10240	32	3	0	0	0	9	42	1	0	8	15	8.5	2	2.68	10	14.71	normal
0.001993	0	88	10240	32	2	0	0	0	8	43	1	0	8	15	8.5	2	2.68	10	14.71	normal
0.001835	0	88	10240	32	3	0	0	0	2	43	1	0	8	15	8.5	2	2.68	10	14.71	normal
0.001476	0	88	10240	32	2	0	0	0	4	42	1	0	8	15	8.5	2	2.68	10	14.71	normal
0.001983	0	88	10240	32	1	0	0	0	7	42	1	0	8	15	8.5	2	2.68	10	14.71	normal
0.000914	0	84	16384	28	1	3000	1	100	12	46	1	0	8	15	8.5	2	2.68	10	14.71	attack
0.00009	0	88	10240	32	3	0	0	0	4	43	1	0	8	15	8.5	2	2.68	10	14.71	normal
0.001122	0	88	10240	32	3	0	0	0	9	43	1	0	8	15	8.5	2	2.68	10	14.71	normal
0.002387	0	88	10240	32	4	0	0	0	1	46	1	0	8	15	8.5	2	2.68	10	14.71	normal
0.000986	0	88	10240	32	1	0	0	0	7	43	1	0	8	15	8.5	2	2.68	10	14.71	normal
0.00079	0	66	0	10	0	0	2	0	13	48	2	0	8	15	8.5	2	2.68	10	14.71	normal
0.001381	0	88	10240	32	3	0	0	0	7	44	1	0	8	15	8.5	2	2.68	10	14.71	normal
0.000994	0	84	0	28	3	3000	1	100	14	48	1	0	8	15	8.5	2	2.68	10	14.71	normal
0.000934	0	84	0	28	4	3000	1	100	13	49	1	0	8	15	8.5	2	2.68	10	14.71	normal
0.001314	0	84	0	28	3	2985	1	100	15	47	1	0	8	15	8.5	2	2.68	10	14.71	normal
0.000914	0	84	0	28	2	3000	1	100	14	50	1	0	8	15	8.5	2	2.68	10	14.71	normal
0.001194	0	84	0	28	3	3000	1	100	16	51	1	0	8	15	8.5	2	2.68	10	14.71	normal
0.000955	0	84	0	28	2	3000	1	100	17	50	1	0	8	15	8.5	2	2.68	10	14.71	normal
0.000914	0	84	0	28	3	3000	1	100	18	52	1	0	8	15	8.5	2	2.68	10	14.71	normal
0.000914	0	84	16384	28	1	3000	1	100	19	49	1	0	8	15	8.5	2	2.68	10	14.71	attack
0.001176	0	66	0	10	0	0	2	0	17	51	2	0	8	15	8.5	2	2.68	10	14.71	normal
0.001084	0	66	0	10	0	0	2	0	12	52	2	0	8	15	8.5	2	2.68	10	14.71	normal
0.000974	0	84	0	28	4	5279	1	1	20	48	1	0	8	15	8.5	2	2.68	10	14.71	normal
0.000811	0	66	0	10	0	0	2	0	21	48	2	0	8	15	8.5	2	2.68	10	14.71	normal
0.001308	0	84	0	28	2	3000	1	100	12	53	1	0	8	15	8.5	2	2.68	10	14.71	normal
0.000995	0	84	0	28	4	2985	1	100	17	54	1	0	8	15	8.5	2	2.68	10	14.71	normal
0.000914	0	84	0	28	2	3000	1	100	22	49	1	0	8	15	8.5	2	2.68	10	14.71	normal
0.001034	0	84	0	28	3	2970	1	100	23	50	1	0	8	15	8.5	2	2.68	10	14.71	normal
0.00132	0	84	0	28	4	3000	1	100	22	50	1	0	8	15	8.5	2	2.68	10	14.71	normal
0.000394	0	84	0	28	2	3000	1	100	24	48	1	0	8	15	8.5	2	2.68	10	14.71	normal
0.000914	0	84	0	28	3	3000	1	100	16	54	1	0	8	15	8.5	2	2.68	10	14.71	normal
0.001095	0	84	0	28	3	3000	1	100	20	51	1	0	8	15	8.5	2	2.68	10	14.71	normal
0.001229	0	84	0	28	5	3000	1	100	20	52	1	0	8	15	8.5	2	2.68	10	14.71	normal
0.000525	0	84	0	28	4	2970	1	100	24	49	1	0	8	15	8.5	2	2.68	10	14.71	normal
0.000914	0	84	0	28	5	2970	1	100	16	55	1	0	8	15	8.5	2	2.68	10	14.71	normal
0.001719	0	66	0	10	0	0	2	0	19	50	2	0	8	15	8.5	2	2.68	10	14.71	normal
0.000914	0	84	0	28	5	2975	1	0	22	52	1	0	8	15	8.5	2	2.68	10	14.71	normal
0.000914	0	84	0	28	6	2975	1	0	20	54	1	0	8	15	8.5	2	2.68	10	14.71	normal
0.001095	0	84	0	28	4	2993	1	0	14	59	1	0	8	15	8.5	2	2.68	10	14.71	normal
0.000914	0	84	0	28	5	2993	1	0	13	52	1	0	8	15	8.5	2	2.68	10	14.71	normal
0.001312	0	84	0	28	3	3000	1	100	24	60	1	0	8	15	8.5	2	2.68	10	14.71	normal
0.000354	0	84	0	28	4	3000	1	100	19	53	1	0	8	15	8.5	2	2.68	10	14.71	normal
0.014658	0	84	0	28	0	0	4	1,0	16	67	2	0	8	15	8.5	2	2.68	10	14.71	normal
0.007022	0	84	0	28	0	0	4	1,0	16	72	2	0	8	15	8.5	2	2.68	10	14.71	normal
0.002857	0	84	0	28	0	0	4	1100	4	65	2	0	8	15	8.5	2	2.68	10	14.71	normal
0.006665	0	76	0	20	0	0	4	1	16	74	2	0	8	15	8.5	2	2.68	10	14.71	normal
0.003357	0	84	0	28	0	0	4	1,0	21	66	2	0	8	15	8.5	2	2.68	10	14.71	normal
0.003208	0	92	0	36	0	0	4	1,1,0	13	67	2	0	8	15	8.5	2	2.68	10	14.71	normal
0.002488	0	84	0	28	0	0	4	1,0	16	79	2	0	8	15	8.5	2	2.68	10	14.71	normal
0.003309	0	76	0	20	0	0	4	0	21	77	2	0	8	15	8.5	2	2.68	10	14.71	normal
0.009782	0	76	0	20	0	0	4	0	26	102	2	0	8	15	8.5	2	2.68	10	14.71	normal
0.000851	0	76	0	20	0	0	4	0	26	111	2	0	8	15	8.5	2	2.68	10	14.71	normal
0.004868	0	88	10240	32	2	0	0	0	5	40	1	0	10	15	6.7	1	2.69	8	11.94	normal
0.001167	0	88	10240	32	2	0	0	0	4	40	1	0	10	15	6.7	1	2.69	8	11.94	normal
0.001192	0	88	10240	32	3	0	0	0	6	40	1	0	10	15	6.7	1	2.69	8	11.94	normal
0.001147	0	88	10240	32	0	0	0	0	8	41	0	0	10	15	6.7	1	2.69	8	11.94	attack
0.000947	0	88	10240	32	1	0	0	0	9	40	1	0	10	15	6.7	1	2.69	8	11.94	normal
0.00095	0	88	10240	32	1	0	0	0	10	40	1	0	10	15	6.7	1	2.69	8	11.94	normal
0.000059	0	88	10240	32	3	0	0	0	2	40	1	0	10	15	6.7	1	2.69	8	11.94	normal
0.002143	0	88	10240	32	4	0	0	0	10	41	1	0	10	15	6.7	1	2.69	8	11.94	normal
0.001546	0	88	10240	32	4	0	0	0	9	41	1	0	10	15	6.7	1	2.69	8	11.94	normal
0.002355	0	88	10240	32	1	0	0	0	2	41	1	0	10	15	6.7	1	2.69	8	11.94	normal
0.00672	0	88	10240	32	2	0	0	0	6	41	1	0	10	15	6.7	1	2.69	8	11.94	normal
0.004374	0	88	10240	32	2	0	0	0	6	42	1	0	10	15	6.7	1	2.69	8	11.94	normal
0.001106	0	88	10240	32	1	0	0	0	1	42	1	0	10	15	6.7	1	2.69	8	11.94	normal
0.000059	0	88	10240	32	3	0	0	0	2	42	1	0	10	15	6.7	1	2.69	8	11.94	normal
0.001883	0	88	10240	32	2	0	0	0	1	43	1	0	10	15	6.7	1	2.69	8	11.94	normal
0.002356	0	88	10240	32	3	0	0	0	7	42	1	0	10	15	6.7	1	2.69	8	11.94	normal
0.001007	0	88	10240	32	1	0	0	0	3	41	1	0	10	15	6.7	1	2.69	8	11.94	normal
0.000987	0	88	10240	32	2	0	0	0	6	43	1	0	10	15	6.7	1	2.69	8	11.94	normal
0.001088	0	88	10240	32	4	0	0	0	10	42	1	0	10	15	6.7	1	2.69	8	11.94	normal
0.001508	0	88	10240	32	3	0	0	0	2	43	1	0	10	15	6.7	1	2.69	8	11.94	normal
0.000914	0	84	16384	28	1	3000	1	100	11	44	1	0	10	15	6.7	1	2.69	8	11.94	attack
0.000947	0	88	10240	32	4	0	0	0	9	42	1	0	10	15	6.7	1	2.69	8	11.94	normal
0.001167	0	88	10240	32	1	0	0	0	3	42	1	0	10	15	6.7	1	2.69	8	11.94	normal
0.000967	0	88	10240	32	4	0	0	0	10	43	1	0	10	15	6.7	1	2.69	8	11.94	normal
0.000967	0	88	10240	32	2	0	0	0	4	42	1	0	10	15	6.7	1	2.69	8	11.94	normal
0.001086	0	88	10240	32	1	0	0	0	5	42	1	0	10	15	6.7	1	2.69	8	11.94	normal
0.001087	0	88	10240	32	3	0	0	0	4	43	1	0	10	15	6.7	1	2.69	8	11.94	normal
0.003349	0	84	16384	28	1	3000	1	100	12	46	1	0	10	15	6.7	1	2.69	8	11.94	attack
0.001121	0	88	10240	32	3	0	0	0	7	43	1	0	10	15	6.7	1	2.69	8	11.94	normal
0.001095	0	84	16384	28	1	3000	1	100	13	47	1	0	10	15	6.7	1	2.69	8	11.94	attack
0.000988	0	88	10240	32	4	0	0	0	3	43	1	0	10	15	6.7	1	2.69	8	11.94	normal
0.001126	0	88	10240	32	4	0	0	0	1	46	1	0	10	15	6.7	1	2.69	8	11.94	normal
0.001291	0	88	10240	32	1	0	0	0	5	43	1	0	10	15	6.7	1	2.69	8	11.94	normal
0.00007	0	66	0	10	0	0	2	0	13	48	2	0	10	15	6.7	1	2.69	8	11.94	normal
0.001066	0	88	10240	32	3	0	0	0	5	44	1	0	10	15	6.7	1	2.69	8	11.94	normal
0.000995	0	84	0	28	3	3000	1	100	14	48	1	0	10	15	6.7	1	2.69	8	11.94	normal
0.000374	0	84	0	28	4	3000	1	100	13	49	1	0	10	15	6.7	1	2.69	8	11.94	normal
0.000354	0	84	0	28	2	3000	1	100	14	50	1	0	10	15	6.7	1	2.69	8	11.94	normal
0.001194	0	84	0	28	3	3000	1	100	15	51	1	0	10	15	6.7	1	2.69	8	11.94	normal
0.000954	0	84	0	28	2	3000	1	100	12	50	1	0	10	15	6.7	1	2.69	8	11.94	normal
0.000914	0	84	0	28	3	3000	1	100	16	52	1	0	10	15	6.7	1	2.69	8	11.94	normal
0.000871	0	66	0	10	0	0	2	0	12	51	2	0	10	15	6.7	1	2.69	8	11.94	normal
0.00077	0	66	0	10	0	0	2	0	17	52	2	0	10	15	6.7	1	2.69	8	11.94	normal
0.003642	0	66	0	10	0	0	2	0	11	48	2	0	10	15	6.7	1	2.69	8	11.94	normal
0.000994	0	84	0	28	2	3000	1	100	17	53	1	0	10	15	6.7	1	2.69	8	11.94	normal
0.00131	0	84	0	28	4	2985	1	100	12	54	1	0	10	15	6.7	1	2.69	8	11.94	normal
0.000914	0	84	0	28	2	3000	1	100	18	49	1	0	10	15	6.7	1	2.69	8	11.94	normal
0.001014	0	84	0	28	4	3000	1	100	18	50	1	0	10	15	6.7	1	2.69	8	11.94	normal
0.000954	0	84	0	28	2	3000	1	100	19	48	1	0	10	15	6.7	1	2.69	8	11.94	normal
0.000914	0	84	0	28	3	3000	1	100	15	54	1	0	10	15	6.7	1	2.69	8	11.94	normal
0.003714	0	84	0	28	4	2970	1	100	19	49	1	0	10	15	6.7	1	2.69	8	11.94	normal
0.000914	0	84	0	28	5	2970	1	100	15	55	1	0	10	15	6.7	1	2.69	8	11.94	normal
0.00244	0	66	0	10	0	0	2	0	20	50	2	0	10	15	6.7	1	2.69	8	11.94	normal
0.000914	0	84	0	28	4	2975	1	0	16	58	1	0	10	15	6.7	1	2.69	8	11.94	normal
0.000914	0	84	0	28	5	2975	1	0	18	52	1	0	10	15	6.7	1	2.69	8	11.94	normal
0.001014	0	84	0	28	4	2993	1	0	14	59	1	0	10	15	6.7	1	2.69	8	11.94	normal
0.000354	0	84	0	28	5	2993	1	0	13	52	1	0	10	15	6.7	1	2.69	8	11.94	normal
0.001312	0	84	0	28	3	3000	1	100	19	60	1	0	10	15	6.7	1	2.69	8	11.94	normal
0.000914	0	84	0	28	4	3000	1	100	20	53	1	0	10	15	6.7	1	2.69	8	11.94	normal
0.014659	0	84	0	28	0	0	4	1,0	15	67	2	0	10	15	6.7	1	2.69	8	11.94	normal
0.007021	0	84	0	28	0	0	4	1,0	15	72	2	0	10	15	6.7	1	2.69	8	11.94	normal
0.001472	0	84	0	28	0	0	4	1100	4	65	2	0	10	15	6.7	1	2.69	8	11.94	normal
0.0058	0	76	0	20	0	0	4	1	15	74	2	0	10	15	6.7	1	2.69	8	11.94	normal
0.004222	0	84	0	28	0	0	4	1,0	11	66	2	0	10	15	6.7	1	2.69	8	11.94	normal
0.00009	0	92	0	36	0	0	4	1,1,0	13	67	2	0	10	15	6.7	1	2.69	8	11.94	normal
0.003308	0	76	0	20	0	0	4	0	11	77	2	0	10	15	6.7	1	2.69	8	11.94	normal
0.001767	0	76	0	20	0	0	4	0	23	102	2	0	10	15	6.7	1	2.69	8	11.94	normal
0.916453	0	88	10240	32	2	0	0	0	7	40	1	0	5	18	12.4	2	2.91	9	14.52	normal
0.001166	0	88	10240	32	2	0	0	0	4	40	1	0	5	18	12.4	2	2.91	9	14.52	normal
0.002834	0	88	10240	32	3	0	0	0	8	40	1	0	5	18	12.4	2	2.91	9	14.52	normal
0.004896	0	88	10240	32	3	0	0	0	1	40	1	0	5	18	12.4	2	2.91	9	14.52	normal
0.004897	0	88	10240	32	4	0	0	0	5	40	1	0	5	18	12.4	2	2.91	9	14.52	normal
0.001147	0	88	10240	32	1	0	0	0	1	41	1	0	5	18	12.4	2	2.91	9	14.52	normal
0.001139	0	88	10240	32	1	0	0	0	4	41	1	0	5	18	12.4	2	2.91	9	14.52	normal
0.003557	0	88	10240	32	1	0	0	0	5	41	1	0	5	18	12.4	2	2.91	9	14.52	normal
0.00023	0	88	10240	32	2	0	0	0	8	41	1	0	5	18	12.4	2	2.91	9	14.52	normal
0.001512	0	88	10240	32	2	0	0	0	8	42	1	0	5	18	12.4	2	2.91	9	14.52	normal
0.003793	0	88	10240	32	3	0	0	0	1	42	1	0	5	18	12.4	2	2.91	9	14.52	normal
0.000947	0	88	10240	32	3	0	0	0	9	42	1	0	5	18	12.4	2	2.91	9	14.52	normal
0.001098	0	88	10240	32	2	0	0	0	8	43	1	0	5	18	12.4	2	2.91	9	14.52	normal
0.000947	0	88	10240	32	3	0	0	0	1	43	1	0	5	18	12.4	2	2.91	9	14.52	normal
0.000915	0	88	10240	32	3	0	0	0	5	45	1	0	5	18	12.4	2	2.91	9	14.52	normal
0.000914	0	84	0	28	2	3000	1	100	12	47	1	0	5	18	12.4	2	2.91	9	14.52	normal
0.002678	0	88	10240	32	2	0	0	0	4	42	1	0	5	18	12.4	2	2.91	9	14.52	normal
0.001087	0	88	10240	32	1	0	0	0	7	42	1	0	5	18	12.4	2	2.91	9	14.52	normal
0.001922	0	84	0	28	2	3000	1	100	12	48	1	0	5	18	12.4	2	2.91	9	14.52	normal
0.001392	0	88	10240	32	3	0	0	0	4	43	1	0	5	18	12.4	2	2.91	9	14.52	normal
0.001212	0	66	0	10	0	0	2	0	13	49	2	0	5	18	12.4	2	2.91	9	14.52	normal
0.00085	0	66	0	10	0	0	2	0	13	50	2	0	5	18	12.4	2	2.91	9	14.52	normal
0.001365	0	66	0	10	0	0	2	0	13	51	2	0	5	18	12.4	2	2.91	9	14.52	normal
0.001321	0	88	10240	32	3	0	0	0	9	43	1	0	5	18	12.4	2	2.91	9	14.52	normal
0.00198	0	84	0	28	2	3000	1	100	12	52	1	0	5	18	12.4	2	2.91	9	14.52	normal
0.002948	0	84	0	28	3	3000	1	100	14	48	1	0	5	18	12.4	2	2.91	9	14.52	normal
0.000986	0	88	10240	32	1	0	0	0	7	43	1	0	5	18	12.4	2	2.91	9	14.52	normal
0.00079	0	66	0	10	0	0	2	0	15	48	2	0	5	18	12.4	2	2.91	9	14.52	normal
0.001381	0	88	10240	32	3	0	0	0	7	44	1	0	5	18	12.4	2	2.91	9	14.52	normal
0.001025	0	84	0	28	3	3000	1	100	14	48	1	0	5	18	12.4	2	2.91	9	14.52	normal
0.000934	0	84	0	28	4	3000	1	100	15	49	1	0	5	18	12.4	2	2.91	9	14.52	normal
0.000914	0	84	0	28	2	3000	1	100	14	50	1	0	5	18	12.4	2	2.91	9	14.52	normal
0.000634	0	84	0	28	3	3000	1	100	12	51	1	0	5	18	12.4	2	2.91	9	14.52	normal
0.000914	0	84	0	28	4	3000	1	100	13	54	1	0	5	18	12.4	2	2.91	9	14.52	normal
0.000354	0	84	0	28	3	3000	1	100	16	52	1	0	5	18	12.4	2	2.91	9	14.52	normal
0.005598	0	66	0	10	0	0	2	0	17	48	2	0	5	18	12.4	2	2.91	9	14.52	normal
0.000914	0	84	0	28	2	3000	1	100	18	49	1	0	5	18	12.4	2	2.91	9	14.52	normal
0.001015	0	84	0	28	4	3000	1	100	18	50	1	0	5	18	12.4	2	2.91	9	14.52	normal
0.000954	0	84	0	28	2	3000	1	100	19	48	1	0	5	18	12.4	2	2.91	9	14.52	normal
0.000354	0	84	0	28	3	3000	1	100	12	54	1	0	5	18	12.4	2	2.91	9	14.52	normal
0.000914	0	84	0	28	4	3000	1	100	13	55	1	0	5	18	12.4	2	2.91	9	14.52	normal
0.002484	0	84	0	28	4	2970	1	100	19	49	1	0	5	18	12.4	2	2.91	9	14.52	normal
0.000354	0	84	0	28	5	2970	1	100	12	55	1	0	5	18	12.4	2	2.91	9	14.52	normal
0.000914	0	84	0	28	6	2970	1	100	13	56	1	0	5	18	12.4	2	2.91	9	14.52	normal
0.001211	0	66	0	10	0	0	2	0	20	50	2	0	5	18	12.4	2	2.91	9	14.52	normal
0.000914	0	84	0	28	3	2975	1	0	12	59	1	0	5	18	12.4	2	2.91	9	14.52	normal
0.000754	0	84	0	28	4	2975	1	0	16	58	1	0	5	18	12.4	2	2.91	9	14.52	normal
0.000914	0	84	0	28	5	2975	1	0	18	52	1	0	5	18	12.4	2	2.91	9	14.52	normal
0.000995	0	84	0	28	3	2993	1	0	12	60	1	0	5	18	12.4	2	2.91	9	14.52	normal
0.000454	0	84	0	28	4	2993	1	0	14	59	1	0	5	18	12.4	2	2.91	9	14.52	normal
0.000914	0	84	0	28	5	2993	1	0	15	52	1	0	5	18	12.4	2	2.91	9	14.52	normal
0.001726	0	84	0	28	3	3000	1	100	19	60	1	0	5	18	12.4	2	2.91	9	14.52	normal
0.000914	0	84	0	28	4	3000	1	100	20	53	1	0	5	18	12.4	2	2.91	9	14.52	normal
0.977261	0	84	0	28	0	0	4	1,0	12	67	2	0	5	18	12.4	2	2.91	9	14.52	normal
0.00085	0	76	0	20	0	0	4	1	13	67	2	0	5	18	12.4	2	2.91	9	14.52	normal
0.004901	0	84	0	28	0	0	4	1,0	12	72	2	0	5	18	12.4	2	2.91	9	14.52	normal
0.000926	0	76	0	20	0	0	4	1	13	72	2	0	5	18	12.4	2	2.91	9	14.52	normal
0.003722	0	84	0	28	0	0	4	1100	4	65	2	0	5	18	12.4	2	2.91	9	14.52	normal
0.003081	0	76	0	20	0	0	4	1	12	74	2	0	5	18	12.4	2	2.91	9	14.52	normal
0.005486	0	76	0	20	0	0	4	1	13	74	2	0	5	18	12.4	2	2.91	9	14.52	normal
0.002856	0	84	0	28	0	0	4	1,0	12	79	2	0	5	18	12.4	2	2.91	9	14.52	normal
0.000882	0	76	0	20	0	0	4	1	13	79	2	0	5	18	12.4	2	2.91	9	14.52	normal
0.00198	0	84	16384	28	1	3000	1	100	12	41	1	0	9	10	6.67	1	2.41	6	10	attack
0.001621	0	88	10240	32	1	0	0	0	0	40	1	0	9	10	6.67	1	2.41	6	10	normal
0.001126	0	88	10240	32	0	0	0	0	11	42	0	0	9	10	6.67	1	2.41	6	10	attack
0.001006	0	88	10240	32	2	0	0	0	7	40	1	0	9	10	6.67	1	2.41	6	10	normal
0.001167	0	88	10240	32	2	0	0	0	5	40	1	0	9	10	6.67	1	2.41	6	10	normal
0.000967	0	88	10240	32	1	0	0	0	0	41	1	0	9	10	6.67	1	2.41	6	10	normal
0.00234	0	88	10240	32	0	0	0	0	6	41	0	0	9	10	6.67	1	2.41	6	10	attack
0.002853	0	88	10240	32	3	0	0	0	2	40	1	0	9	10	6.67	1	2.41	6	10	normal
0.006044	0	88	10240	32	1	0	0	0	2	41	1	0	9	10	6.67	1	2.41	6	10	normal
0.000242	0	88	10240	32	1	0	0	0	1	41	1	0	9	10	6.67	1	2.41	6	10	normal
0.00021	0	88	10240	32	1	0	0	0	1	42	1	0	9	10	6.67	1	2.41	6	10	normal
0.001852	0	88	10240	32	3	0	0	0	2	42	1	0	9	10	6.67	1	2.41	6	10	normal
0.00009	0	88	10240	32	2	0	0	0	1	43	1	0	9	10	6.67	1	2.41	6	10	normal
0.001851	0	88	10240	32	2	0	0	0	0	42	1	0	9	10	6.67	1	2.41	6	10	normal
0.001401	0	88	10240	32	3	0	0	0	9	42	1	0	9	10	6.67	1	2.41	6	10	normal
0.001007	0	88	10240	32	1	0	0	0	4	41	1	0	9	10	6.67	1	2.41	6	10	normal
0.001835	0	88	10240	32	3	0	0	0	2	43	1	0	9	10	6.67	1	2.41	6	10	normal
0.000914	0	84	16384	28	1	3000	1	100	13	44	1	0	9	10	6.67	1	2.41	6	10	attack
0.001179	0	88	10240	32	1	0	0	0	4	42	1	0	9	10	6.67	1	2.41	6	10	normal
0.000968	0	88	10240	32	2	0	0	0	5	42	1	0	9	10	6.67	1	2.41	6	10	normal
0.001086	0	88	10240	32	1	0	0	0	7	42	1	0	9	10	6.67	1	2.41	6	10	normal
0.000914	0	84	16384	28	1	3000	1	100	14	46	1	0	9	10	6.67	1	2.41	6	10	attack
0.001292	0	88	10240	32	3	0	0	0	5	43	1	0	9	10	6.67	1	2.41	6	10	normal
0.004124	0	84	16384	28	1	3000	1	100	15	46	1	0	9	10	6.67	1	2.41	6	10	attack
0.001427	0	88	10240	32	3	0	0	0	9	43	1	0	9	10	6.67	1	2.41	6	10	normal
0.001889	0	84	16384	28	1	3000	1	100	16	47	1	0	9	10	6.67	1	2.41	6	10	attack
0.00126	0	88	10240	32	4	0	0	0	4	43	1	0	9	10	6.67	1	2.41	6	10	normal
0.00023	0	88	10240	32	4	0	0	0	1	46	1	0	9	10	6.67	1	2.41	6	10	normal
0.000986	0	88	10240	32	1	0	0	0	7	43	1	0	9	10	6.67	1	2.41	6	10	normal
0.00079	0	66	0	10	0	0	2	0	16	48	2	0	9	10	6.67	1	2.41	6	10	normal
0.001067	0	88	10240	32	3	0	0	0	7	44	1	0	9	10	6.67	1	2.41	6	10	normal
0.000934	0	84	0	28	4	3000	1	100	16	49	1	0	9	10	6.67	1	2.41	6	10	normal
0.001619	0	84	0	28	3	2985	1	100	17	47	1	0	9	10	6.67	1	2.41	6	10	normal
0.000914	0	84	0	28	2	3000	1	100	18	50	1	0	9	10	6.67	1	2.41	6	10	normal
0.00009	0	84	0	28	2	3000	1	100	15	50	1	0	9	10	6.67	1	2.41	6	10	normal
0.000914	0	84	16384	28	1	3000	1	100	19	49	1	0	9	10	6.67	1	2.41	6	10	attack
0.00015	0	66	0	10	0	0	2	0	15	51	2	0	9	10	6.67	1	2.41	6	10	normal
0.00005	0	66	0	10	0	0	2	0	14	52	2	0	9	10	6.67	1	2.41	6	10	normal
0.000974	0	84	0	28	4	5279	1	1	20	48	1	0	9	10	6.67	1	2.41	6	10	normal
0.00081	0	66	0	10	0	0	2	0	13	48	2	0	9	10	6.67	1	2.41	6	10	normal
0.00013	0	84	0	28	2	3000	1	100	14	53	1	0	9	10	6.67	1	2.41	6	10	normal
0.00013	0	84	0	28	4	2985	1	100	15	54	1	0	9	10	6.67	1	2.41	6	10	normal
0.000914	0	84	0	28	2	3000	1	100	21	49	1	0	9	10	6.67	1	2.41	6	10	normal
0.001034	0	84	0	28	3	2970	1	100	22	50	1	0	9	10	6.67	1	2.41	6	10	normal
0.001014	0	84	0	28	4	3000	1	100	21	50	1	0	9	10	6.67	1	2.41	6	10	normal
0.000954	0	84	0	28	2	3000	1	100	23	48	1	0	9	10	6.67	1	2.41	6	10	normal
0.002323	0	84	0	28	3	3000	1	100	20	51	1	0	9	10	6.67	1	2.41	6	10	normal
0.001229	0	84	0	28	5	3000	1	100	20	52	1	0	9	10	6.67	1	2.41	6	10	normal
0.00139	0	84	0	28	4	2970	1	100	23	49	1	0	9	10	6.67	1	2.41	6	10	normal
0.003668	0	66	0	10	0	0	2	0	19	50	2	0	9	10	6.67	1	2.41	6	10	normal
0.000914	0	84	0	28	5	2975	1	0	21	52	1	0	9	10	6.67	1	2.41	6	10	normal
0.000914	0	84	0	28	6	2975	1	0	20	54	1	0	9	10	6.67	1	2.41	6	10	normal
0.000914	0	84	0	28	5	2993	1	0	16	52	1	0	9	10	6.67	1	2.41	6	10	normal
0.000914	0	84	0	28	4	3000	1	100	19	53	1	0	9	10	6.67	1	2.41	6	10	normal
0.001473	0	84	0	28	0	0	4	1100	5	65	2	0	9	10	6.67	1	2.41	6	10	normal
0.003356	0	84	0	28	0	0	4	1,0	13	66	2	0	9	10	6.67	1	2.41	6	10	normal
0.002074	0	92	0	36	0	0	4	1,1,0	16	67	2	0	9	10	6.67	1	2.41	6	10	normal
0.007276	0	84	0	28	0	0	4	1,0	20	70	2	0	9	10	6.67	1	2.41	6	10	normal
0.002486	0	76	0	20	0	0	4	1	12	70	2	0	9	10	6.67	1	2.41	6	10	normal
0.003308	0	76	0	20	0	0	4	0	13	77	2	0	9	10	6.67	1	2.41	6	10	normal
0.906032	0	88	10240	32	0	0	0	0	8	40	0	0	6	11	9	4	2.49	3	5.56	normal
0.001114	0	84	16384	28	1	3000	1	100	10	41	1	0	6	11	9	4	2.49	3	5.56	attack
0.00041	0	88	10240	32	1	0	0	0	0	40	1	0	6	11	9	4	2.49	3	5.56	normal
0.002022	0	88	10240	32	0	0	0	0	6	42	0	0	6	11	9	4	2.49	3	5.56	attack
0.001008	0	88	10240	32	2	0	0	0	7	40	1	0	6	11	9	4	2.49	3	5.56	normal
0.001166	0	88	10240	32	2	0	0	0	4	40	1	0	6	11	9	4	2.49	3	5.56	normal
0.00007	0	88	10240	32	1	0	0	0	0	41	1	0	6	11	9	4	2.49	3	5.56	normal
0.00133	0	66	0	10	0	0	2	0	10	43	2	0	6	11	9	4	2.49	3	5.56	normal
0.009154	1	1104	0	1048	0	0	3	0	11	44	2	0	6	11	9	4	2.49	3	5.56	normal
0.000947	0	88	10240	32	2	0	0	0	3	40	1	0	6	11	9	4	2.49	3	5.56	normal
0.009076	1	1104	0	1048	0	0	3	0	11	45	2	0	6	11	9	4	2.49	3	5.56	normal
0.002366	0	88	10240	32	1	0	0	0	1	42	1	0	6	11	9	4	2.49	3	5.56	normal
0.001941	0	88	10240	32	2	0	0	0	1	43	1	0	6	11	9	4	2.49	3	5.56	normal
0.000059	0	88	10240	32	2	0	0	0	0	42	1	0	6	11	9	4	2.49	3	5.56	normal
0.001811	0	84	0	28	3	5359	1	1	10	46	1	0	6	11	9	4	2.49	3	5.56	normal
0.001179	0	88	10240	32	1	0	0	0	3	41	1	0	6	11	9	4	2.49	3	5.56	normal
0.000914	0	84	0	28	2	2985	1	100	12	48	1	0	6	11	9	4	2.49	3	5.56	normal
0.00118	0	88	10240	32	1	0	0	0	3	42	1	0	6	11	9	4	2.49	3	5.56	normal
0.00275	0	88	10240	32	2	0	0	0	4	42	1	0	6	11	9	4	2.49	3	5.56	normal
0.001087	0	88	10240	32	1	0	0	0	7	42	1	0	6	11	9	4	2.49	3	5.56	normal
0.000914	0	84	16384	28	1	3000	1	100	13	46	1	0	6	11	9	4	2.49	3	5.56	attack
0.000987	0	88	10240	32	3	0	0	0	4	43	1	0	6	11	9	4	2.49	3	5.56	normal
0.010359	1	1104	0	1048	0	0	3	0	11	49	2	0	6	11	9	4	2.49	3	5.56	normal
0.001261	0	88	10240	32	4	0	0	0	3	43	1	0	6	11	9	4	2.49	3	5.56	normal
0.001127	0	88	10240	32	4	0	0	0	1	46	1	0	6	11	9	4	2.49	3	5.56	normal
0.003253	0	88	10240	32	1	0	0	0	7	43	1	0	6	11	9	4	2.49	3	5.56	normal
0.002171	0	88	10240	32	3	0	0	0	7	44	1	0	6	11	9	4	2.49	3	5.56	normal
0.00138	0	84	0	28	3	2985	1	100	14	47	1	0	6	11	9	4	2.49	3	5.56	normal
0.00045	0	84	0	28	3	2985	1	100	14	47	1	0	6	11	9	4	2.49	3	5.56	normal
0.009495	1	1104	0	1048	0	0	3	0	11	51	2	0	6	11	9	4	2.49	3	5.56	normal
0.000955	0	84	0	28	2	3000	1	100	15	50	1	0	6	11	9	4	2.49	3	5.56	normal
0.000914	0	84	16384	28	1	3000	1	100	16	49	1	0	6	11	9	4	2.49	3	5.56	attack
0.000871	0	66	0	10	0	0	2	0	15	51	2	0	6	11	9	4	2.49	3	5.56	normal
0.001084	0	66	0	10	0	0	2	0	13	52	2	0	6	11	9	4	2.49	3	5.56	normal
0.00011	0	84	0	28	4	5279	1	1	12	48	1	0	6	11	9	4	2.49	3	5.56	normal
0.000914	0	84	0	28	5	5279	1	1	10	52	1	0	6	11	9	4	2.49	3	5.56	normal
0.000812	0	66	0	10	0	0	2	0	17	48	2	0	6	11	9	4	2.49	3	5.56	normal
0.001308	0	84	0	28	2	3000	1	100	13	53	1	0	6	11	9	4	2.49	3	5.56	normal
0.000995	0	84	0	28	4	2985	1	100	15	54	1	0	6	11	9	4	2.49	3	5.56	normal
0.000914	0	84	0	28	2	3000	1	100	18	49	1	0	6	11	9	4	2.49	3	5.56	normal
0.000474	0	84	0	28	3	2970	1	100	19	50	1	0	6	11	9	4	2.49	3	5.56	normal
0.001015	0	84	0	28	4	3000	1	100	18	50	1	0	6	11	9	4	2.49	3	5.56	normal
0.009379	1	1104	0	1048	0	0	3	0	11	53	2	0	6	11	9	4	2.49	3	5.56	normal
0.000954	0	84	0	28	2	3000	1	100	20	48	1	0	6	11	9	4	2.49	3	5.56	normal
0.001459	0	84	0	28	3	3000	1	100	12	51	1	0	6	11	9	4	2.49	3	5.56	normal
0.00005	0	84	0	28	5	3000	1	100	12	52	1	0	6	11	9	4	2.49	3	5.56	normal
0.001076	0	84	0	28	4	2970	1	100	20	49	1	0	6	11	9	4	2.49	3	5.56	normal
0.003668	0	66	0	10	0	0	2	0	16	50	2	0	6	11	9	4	2.49	3	5.56	normal
0.000914	0	84	0	28	5	2975	1	0	18	52	1	0	6	11	9	4	2.49	3	5.56	normal
0.000354	0	84	0	28	6	2975	1	0	12	54	1	0	6	11	9	4	2.49	3	5.56	normal
0.000914	0	84	0	28	4	3000	1	100	16	53	1	0	6	11	9	4	2.49	3	5.56	normal
0.001472	0	84	0	28	0	0	4	1100	4	65	2	0	6	11	9	4	2.49	3	5.56	normal
0.005548	0	84	0	28	0	0	4	1,0	12	70	2	0	6	11	9	4	2.49	3	5.56	normal
0.002486	0	76	0	20	0	0	4	1	10	70	2	0	6	11	9	4	2.49	3	5.56	normal
0.001115	0	84	16384	28	1	3000	1	100	12	41	1	0	9	12	7.67	2	2.57	4	5.8	attack
0.001621	0	88	10240	32	1	0	0	0	0	40	1	0	9	12	7.67	2	2.57	4	5.8	normal
0.001126	0	88	10240	32	0	0	0	0	11	42	0	0	9	12	7.67	2	2.57	4	5.8	attack
0.00011	0	88	10240	32	2	0	0	0	7	40	1	0	9	12	7.67	2	2.57	4	5.8	normal
0.002063	0	88	10240	32	2	0	0	0	5	40	1	0	9	12	7.67	2	2.57	4	5.8	normal
0.000967	0	88	10240	32	1	0	0	0	0	41	1	0	9	12	7.67	2	2.57	4	5.8	normal
0.001192	0	88	10240	32	3	0	0	0	8	40	1	0	9	12	7.67	2	2.57	4	5.8	normal
0.001147	0	88	10240	32	0	0	0	0	6	41	0	0	9	12	7.67	2	2.57	4	5.8	attack
0.002852	0	88	10240	32	3	0	0	0	2	40	1	0	9	12	7.67	2	2.57	4	5.8	normal
0.006044	0	88	10240	32	1	0	0	0	2	41	1	0	9	12	7.67	2	2.57	4	5.8	normal
0.005581	0	88	10240	32	2	0	0	0	8	41	1	0	9	12	7.67	2	2.57	4	5.8	normal
0.004375	0	88	10240	32	2	0	0	0	8	42	1	0	9	12	7.67	2	2.57	4	5.8	normal
0.001106	0	88	10240	32	1	0	0	0	1	42	1	0	9	12	7.67	2	2.57	4	5.8	normal
0.000956	0	88	10240	32	3	0	0	0	2	42	1	0	9	12	7.67	2	2.57	4	5.8	normal
0.000986	0	88	10240	32	2	0	0	0	1	43	1	0	9	12	7.67	2	2.57	4	5.8	normal
0.000955	0	88	10240	32	2	0	0	0	0	42	1	0	9	12	7.67	2	2.57	4	5.8	normal
0.001401	0	88	10240	32	3	0	0	0	9	42	1	0	9	12	7.67	2	2.57	4	5.8	normal
0.001007	0	88	10240	32	1	0	0	0	4	41	1	0	9	12	7.67	2	2.57	4	5.8	normal
0.000988	0	88	10240	32	2	0	0	0	8	43	1	0	9	12	7.67	2	2.57	4	5.8	normal
0.001835	0	88	10240	32	3	0	0	0	2	43	1	0	9	12	7.67	2	2.57	4	5.8	normal
0.000914	0	84	16384	28	1	3000	1	100	13	44	1	0	9	12	7.67	2	2.57	4	5.8	attack
0.00118	0	88	10240	32	1	0	0	0	4	42	1	0	9	12	7.67	2	2.57	4	5.8	normal
0.000967	0	88	10240	32	2	0	0	0	5	42	1	0	9	12	7.67	2	2.57	4	5.8	normal
0.00019	0	88	10240	32	1	0	0	0	7	42	1	0	9	12	7.67	2	2.57	4	5.8	normal
0.000914	0	84	16384	28	1	3000	1	100	14	46	1	0	9	12	7.67	2	2.57	4	5.8	attack
0.000987	0	88	10240	32	3	0	0	0	5	43	1	0	9	12	7.67	2	2.57	4	5.8	normal
0.003349	0	84	16384	28	1	3000	1	100	15	46	1	0	9	12	7.67	2	2.57	4	5.8	attack
0.001123	0	88	10240	32	3	0	0	0	9	43	1	0	9	12	7.67	2	2.57	4	5.8	normal
0.001095	0	84	16384	28	1	3000	1	100	16	47	1	0	9	12	7.67	2	2.57	4	5.8	attack
0.001261	0	88	10240	32	4	0	0	0	4	43	1	0	9	12	7.67	2	2.57	4	5.8	normal
0.001126	0	88	10240	32	4	0	0	0	1	46	1	0	9	12	7.67	2	2.57	4	5.8	normal
0.00009	0	88	10240	32	1	0	0	0	7	43	1	0	9	12	7.67	2	2.57	4	5.8	normal
0.001687	0	66	0	10	0	0	2	0	16	48	2	0	9	12	7.67	2	2.57	4	5.8	normal
0.00017	0	88	10240	32	3	0	0	0	7	44	1	0	9	12	7.67	2	2.57	4	5.8	normal
0.000996	0	84	0	28	3	3000	1	100	17	48	1	0	9	12	7.67	2	2.57	4	5.8	normal
0.000934	0	84	0	28	4	3000	1	100	16	49	1	0	9	12	7.67	2	2.57	4	5.8	normal
0.001315	0	84	0	28	3	2985	1	100	18	47	1	0	9	12	7.67	2	2.57	4	5.8	normal
0.000914	0	84	0	28	2	3000	1	100	17	50	1	0	9	12	7.67	2	2.57	4	5.8	normal
0.001194	0	84	0	28	3	3000	1	100	19	51	1	0	9	12	7.67	2	2.57	4	5.8	normal
0.001258	0	84	0	28	2	3000	1	100	15	50	1	0	9	12	7.67	2	2.57	4	5.8	normal
0.000914	0	84	0	28	3	3000	1	100	20	52	1	0	9	12	7.67	2	2.57	4	5.8	normal
0.000914	0	84	16384	28	1	3000	1	100	21	49	1	0	9	12	7.67	2	2.57	4	5.8	attack
0.00087	0	66	0	10	0	0	2	0	15	51	2	0	9	12	7.67	2	2.57	4	5.8	normal
0.00077	0	66	0	10	0	0	2	0	14	52	2	0	9	12	7.67	2	2.57	4	5.8	normal
0.000974	0	84	0	28	4	5279	1	1	22	48	1	0	9	12	7.67	2	2.57	4	5.8	normal
0.00009	0	66	0	10	0	0	2	0	13	48	2	0	9	12	7.67	2	2.57	4	5.8	normal
0.000994	0	84	0	28	2	3000	1	100	14	53	1	0	9	12	7.67	2	2.57	4	5.8	normal
0.000994	0	84	0	28	4	2985	1	100	15	54	1	0	9	12	7.67	2	2.57	4	5.8	normal
0.000354	0	84	0	28	2	3000	1	100	23	49	1	0	9	12	7.67	2	2.57	4	5.8	normal
0.001034	0	84	0	28	3	2970	1	100	24	50	1	0	9	12	7.67	2	2.57	4	5.8	normal
0.00015	0	84	0	28	4	3000	1	100	23	50	1	0	9	12	7.67	2	2.57	4	5.8	normal
0.000954	0	84	0	28	2	3000	1	100	25	48	1	0	9	12	7.67	2	2.57	4	5.8	normal
0.000914	0	84	0	28	3	3000	1	100	19	54	1	0	9	12	7.67	2	2.57	4	5.8	normal
0.001095	0	84	0	28	3	3000	1	100	22	51	1	0	9	12	7.67	2	2.57	4	5.8	normal
0.001229	0	84	0	28	5	3000	1	100	22	52	1	0	9	12	7.67	2	2.57	4	5.8	normal
0.00139	0	84	0	28	4	2970	1	100	25	49	1	0	9	12	7.67	2	2.57	4	5.8	normal
0.000914	0	84	0	28	5	2970	1	100	19	55	1	0	9	12	7.67	2	2.57	4	5.8	normal
0.00244	0	66	0	10	0	0	2	0	21	50	2	0	9	12	7.67	2	2.57	4	5.8	normal
0.000914	0	84	0	28	4	2975	1	0	20	58	1	0	9	12	7.67	2	2.57	4	5.8	normal
0.000354	0	84	0	28	5	2975	1	0	23	52	1	0	9	12	7.67	2	2.57	4	5.8	normal
0.000914	0	84	0	28	6	2975	1	0	22	54	1	0	9	12	7.67	2	2.57	4	5.8	normal
0.001096	0	84	0	28	4	2993	1	0	17	59	1	0	9	12	7.67	2	2.57	4	5.8	normal
0.000914	0	84	0	28	5	2993	1	0	16	52	1	0	9	12	7.67	2	2.57	4	5.8	normal
0.001312	0	84	0	28	3	3000	1	100	25	60	1	0	9	12	7.67	2	2.57	4	5.8	normal
0.000914	0	84	0	28	4	3000	1	100	21	53	1	0	9	12	7.67	2	2.57	4	5.8	normal
0.001473	0	84	0	28	0	0	4	1100	5	65	2	0	9	12	7.67	2	2.57	4	5.8	normal
0.002492	0	84	0	28	0	0	4	1,0	13	66	2	0	9	12	7.67	2	2.57	4	5.8	normal
0.001018	0	92	0	36	0	0	4	1,1,0	16	67	2	0	9	12	7.67	2	2.57	4	5.8	normal
0.002509	0	76	0	20	0	0	4	0	13	77	2	0	9	12	7.67	2	2.57	4	5.8	normal
0.00234	0	88	10240	32	0	0	0	0	2	41	0	0	5	9	4.8	1	2.52	2	8.33	attack
0.00005	0	88	10240	32	1	0	0	0	1	40	1	0	5	9	4.8	1	2.52	2	8.33	normal
0.001846	0	88	10240	32	1	0	0	0	3	40	1	0	5	9	4.8	1	2.52	2	8.33	normal
0.000956	0	88	10240	32	3	0	0	0	9	40	1	0	5	9	4.8	1	2.52	2	8.33	normal
0.001246	0	88	10240	32	4	0	0	0	3	41	1	0	5	9	4.8	1	2.52	2	8.33	normal
0.00065	0	88	10240	32	4	0	0	0	1	41	1	0	5	9	4.8	1	2.52	2	8.33	normal
0.004148	0	88	10240	32	1	0	0	0	9	41	1	0	5	9	4.8	1	2.52	2	8.33	normal
0.001139	0	88	10240	32	1	0	0	0	5	41	1	0	5	9	4.8	1	2.52	2	8.33	normal
0.002061	0	88	10240	32	3	0	0	0	9	42	1	0	5	9	4.8	1	2.52	2	8.33	normal
0.003342	0	88	10240	32	3	0	0	0	5	42	1	0	5	9	4.8	1	2.52	2	8.33	normal
0.003081	0	88	10240	32	4	0	0	0	3	42	1	0	5	9	4.8	1	2.52	2	8.33	normal
0.002405	0	88	10240	32	3	0	0	0	9	43	1	0	5	9	4.8	1	2.52	2	8.33	normal
0.000914	0	84	16384	28	1	3000	1	100	10	44	1	0	5	9	4.8	1	2.52	2	8.33	attack
0.00005	0	88	10240	32	4	0	0	0	1	42	1	0	5	9	4.8	1	2.52	2	8.33	normal
0.002889	0	88	10240	32	4	0	0	0	1	43	1	0	5	9	4.8	1	2.52	2	8.33	normal
0.004125	0	84	16384	28	1	3000	1	100	11	46	1	0	5	9	4.8	1	2.52	2	8.33	attack
0.001436	0	88	10240	32	3	0	0	0	5	43	1	0	5	9	4.8	1	2.52	2	8.33	normal
0.00189	0	84	16384	28	1	3000	1	100	12	47	1	0	5	9	4.8	1	2.52	2	8.33	attack
0.001776	0	66	0	10	0	0	2	0	12	48	2	0	5	9	4.8	1	2.52	2	8.33	normal
0.000934	0	84	0	28	4	3000	1	100	12	49	1	0	5	9	4.8	1	2.52	2	8.33	normal
0.000914	0	84	0	28	2	3000	1	100	13	50	1	0	5	9	4.8	1	2.52	2	8.33	normal
0.000914	0	84	0	28	5	2993	1	0	12	52	1	0	5	9	4.8	1	2.52	2	8.33	normal
0.001019	0	92	0	36	0	0	4	1,1,0	12	67	2	0	5	9	4.8	1	2.52	2	8.33	normal
0.001767	0	76	0	20	0	0	4	0	6	102	2	0	5	9	4.8	1	2.52	2	8.33	normal
0.004868	0	88	10240	32	2	0	0	0	7	40	1	0	9	15	7.44	3	2.65	7	10.45	normal
0.001167	0	88	10240	32	2	0	0	0	5	40	1	0	9	15	7.44	3	2.65	7	10.45	normal
0.001192	0	88	10240	32	3	0	0	0	8	40	1	0	9	15	7.44	3	2.65	7	10.45	normal
0.001147	0	88	10240	32	0	0	0	0	6	41	0	0	9	15	7.44	3	2.65	7	10.45	attack
0.000947	0	88	10240	32	1	0	0	0	3	40	1	0	9	15	7.44	3	2.65	7	10.45	normal
0.00095	0	88	10240	32	1	0	0	0	11	40	1	0	9	15	7.44	3	2.65	7	10.45	normal
0.000059	0	88	10240	32	3	0	0	0	9	40	1	0	9	15	7.44	3	2.65	7	10.45	normal
0.002143	0	88	10240	32	4	0	0	0	11	41	1	0	9	15	7.44	3	2.65	7	10.45	normal
0.001546	0	88	10240	32	4	0	0	0	3	41	1	0	9	15	7.44	3	2.65	7	10.45	normal
0.003251	0	88	10240	32	1	0	0	0	2	41	1	0	9	15	7.44	3	2.65	7	10.45	normal
0.000243	0	88	10240	32	1	0	0	0	9	41	1	0	9	15	7.44	3	2.65	7	10.45	normal
0.005581	0	88	10240	32	2	0	0	0	8	41	1	0	9	15	7.44	3	2.65	7	10.45	normal
0.004374	0	88	10240	32	2	0	0	0	8	42	1	0	9	15	7.44	3	2.65	7	10.45	normal
0.001106	0	88	10240	32	1	0	0	0	1	42	1	0	9	15	7.44	3	2.65	7	10.45	normal
0.000955	0	88	10240	32	3	0	0	0	2	42	1	0	9	15	7.44	3	2.65	7	10.45	normal
0.000987	0	88	10240	32	2	0	0	0	1	43	1	0	9	15	7.44	3	2.65	7	10.45	normal
0.00146	0	88	10240	32	3	0	0	0	9	42	1	0	9	15	7.44	3	2.65	7	10.45	normal
0.001903	0	88	10240	32	1	0	0	0	4	41	1	0	9	15	7.44	3	2.65	7	10.45	normal
0.000987	0	88	10240	32	2	0	0	0	8	43	1	0	9	15	7.44	3	2.65	7	10.45	normal
0.001087	0	88	10240	32	4	0	0	0	11	42	1	0	9	15	7.44	3	2.65	7	10.45	normal
0.002405	0	88	10240	32	3	0	0	0	2	43	1	0	9	15	7.44	3	2.65	7	10.45	normal
0.000914	0	84	16384	28	1	3000	1	100	12	44	1	0	9	15	7.44	3	2.65	7	10.45	attack
0.000947	0	88	10240	32	4	0	0	0	3	42	1	0	9	15	7.44	3	2.65	7	10.45	normal
0.001167	0	88	10240	32	1	0	0	0	4	42	1	0	9	15	7.44	3	2.65	7	10.45	normal
0.000967	0	88	10240	32	4	0	0	0	11	43	1	0	9	15	7.44	3	2.65	7	10.45	normal
0.000967	0	88	10240	32	2	0	0	0	5	42	1	0	9	15	7.44	3	2.65	7	10.45	normal
0.001086	0	88	10240	32	1	0	0	0	7	42	1	0	9	15	7.44	3	2.65	7	10.45	normal
0.001087	0	88	10240	32	3	0	0	0	5	43	1	0	9	15	7.44	3	2.65	7	10.45	normal
0.003349	0	84	16384	28	1	3000	1	100	13	46	1	0	9	15	7.44	3	2.65	7	10.45	attack
0.000225	0	88	10240	32	3	0	0	0	9	43	1	0	9	15	7.44	3	2.65	7	10.45	normal
0.001095	0	84	16384	28	1	3000	1	100	14	47	1	0	9	15	7.44	3	2.65	7	10.45	attack
0.000988	0	88	10240	32	4	0	0	0	4	43	1	0	9	15	7.44	3	2.65	7	10.45	normal
0.001126	0	88	10240	32	4	0	0	0	1	46	1	0	9	15	7.44	3	2.65	7	10.45	normal
0.000987	0	88	10240	32	1	0	0	0	7	43	1	0	9	15	7.44	3	2.65	7	10.45	normal
0.00079	0	66	0	10	0	0	2	0	14	48	2	0	9	15	7.44	3	2.65	7	10.45	normal
0.001066	0	88	10240	32	3	0	0	0	7	44	1	0	9	15	7.44	3	2.65	7	10.45	normal
0.000995	0	84	0	28	3	3000	1	100	15	48	1	0	9	15	7.44	3	2.65	7	10.45	normal
0.000934	0	84	0	28	4	3000	1	100	14	49	1	0	9	15	7.44	3	2.65	7	10.45	normal
0.000914	0	84	0	28	2	3000	1	100	15	50	1	0	9	15	7.44	3	2.65	7	10.45	normal
0.001194	0	84	0	28	3	3000	1	100	16	51	1	0	9	15	7.44	3	2.65	7	10.45	normal
0.000954	0	84	0	28	2	3000	1	100	13	50	1	0	9	15	7.44	3	2.65	7	10.45	normal
0.000914	0	84	0	28	3	3000	1	100	17	52	1	0	9	15	7.44	3	2.65	7	10.45	normal
0.000871	0	66	0	10	0	0	2	0	13	51	2	0	9	15	7.44	3	2.65	7	10.45	normal
0.00077	0	66	0	10	0	0	2	0	18	52	2	0	9	15	7.44	3	2.65	7	10.45	normal
0.003642	0	66	0	10	0	0	2	0	12	48	2	0	9	15	7.44	3	2.65	7	10.45	normal
0.000994	0	84	0	28	2	3000	1	100	18	53	1	0	9	15	7.44	3	2.65	7	10.45	normal
0.00131	0	84	0	28	4	2985	1	100	13	54	1	0	9	15	7.44	3	2.65	7	10.45	normal
0.000914	0	84	0	28	2	3000	1	100	19	49	1	0	9	15	7.44	3	2.65	7	10.45	normal
0.001014	0	84	0	28	4	3000	1	100	19	50	1	0	9	15	7.44	3	2.65	7	10.45	normal
0.000954	0	84	0	28	2	3000	1	100	20	48	1	0	9	15	7.44	3	2.65	7	10.45	normal
0.000914	0	84	0	28	3	3000	1	100	16	54	1	0	9	15	7.44	3	2.65	7	10.45	normal
0.003714	0	84	0	28	4	2970	1	100	20	49	1	0	9	15	7.44	3	2.65	7	10.45	normal
0.000914	0	84	0	28	5	2970	1	100	16	55	1	0	9	15	7.44	3	2.65	7	10.45	normal
0.00244	0	66	0	10	0	0	2	0	21	50	2	0	9	15	7.44	3	2.65	7	10.45	normal
0.000914	0	84	0	28	4	2975	1	0	17	58	1	0	9	15	7.44	3	2.65	7	10.45	normal
0.000914	0	84	0	28	5	2975	1	0	19	52	1	0	9	15	7.44	3	2.65	7	10.45	normal
0.001014	0	84	0	28	4	2993	1	0	15	59	1	0	9	15	7.44	3	2.65	7	10.45	normal
0.000914	0	84	0	28	5	2993	1	0	14	52	1	0	9	15	7.44	3	2.65	7	10.45	normal
0.001312	0	84	0	28	3	3000	1	100	20	60	1	0	9	15	7.44	3	2.65	7	10.45	normal
0.000914	0	84	0	28	4	3000	1	100	21	53	1	0	9	15	7.44	3	2.65	7	10.45	normal
0.014658	0	84	0	28	0	0	4	1,0	16	67	2	0	9	15	7.44	3	2.65	7	10.45	normal
0.007021	0	84	0	28	0	0	4	1,0	16	72	2	0	9	15	7.44	3	2.65	7	10.45	normal
0.001472	0	84	0	28	0	0	4	1100	5	65	2	0	9	15	7.44	3	2.65	7	10.45	normal
0.0058	0	76	0	20	0	0	4	1	16	74	2	0	9	15	7.44	3	2.65	7	10.45	normal
0.003356	0	84	0	28	0	0	4	1,0	12	66	2	0	9	15	7.44	3	2.65	7	10.45	normal
0.001018	0	92	0	36	0	0	4	1,1,0	14	67	2	0	9	15	7.44	3	2.65	7	10.45	normal
0.003308	0	76	0	20	0	0	4	0	12	77	2	0	9	15	7.44	3	2.65	7	10.45	normal
0.00234	0	88	10240	32	0	0	0	0	8	41	0	0	6	9	4.33	1	2.52	4	15.38	attack
0.000946	0	88	10240	32	1	0	0	0	0	40	1	0	6	9	4.33	1	2.52	4	15.38	normal
0.000054	0	88	10240	32	1	0	0	0	1	40	1	0	6	9	4.33	1	2.52	4	15.38	normal
0.001852	0	88	10240	32	3	0	0	0	6	40	1	0	6	9	4.33	1	2.52	4	15.38	normal
0.00035	0	88	10240	32	4	0	0	0	1	41	1	0	6	9	4.33	1	2.52	4	15.38	normal
0.002442	0	88	10240	32	4	0	0	0	0	41	1	0	6	9	4.33	1	2.52	4	15.38	normal
0.003252	0	88	10240	32	1	0	0	0	6	41	1	0	6	9	4.33	1	2.52	4	15.38	normal
0.001139	0	88	10240	32	1	0	0	0	2	41	1	0	6	9	4.33	1	2.52	4	15.38	normal
0.002061	0	88	10240	32	3	0	0	0	6	42	1	0	6	9	4.33	1	2.52	4	15.38	normal
0.003342	0	88	10240	32	3	0	0	0	2	42	1	0	6	9	4.33	1	2.52	4	15.38	normal
0.002185	0	88	10240	32	4	0	0	0	1	42	1	0	6	9	4.33	1	2.52	4	15.38	normal
0.003301	0	88	10240	32	3	0	0	0	6	43	1	0	6	9	4.33	1	2.52	4	15.38	normal
0.000914	0	84	16384	28	1	3000	1	100	9	44	1	0	6	9	4.33	1	2.52	4	15.38	attack
0.000946	0	88	10240	32	4	0	0	0	0	42	1	0	6	9	4.33	1	2.52	4	15.38	normal
0.001993	0	88	10240	32	4	0	0	0	1	43	1	0	6	9	4.33	1	2.52	4	15.38	normal
0.004125	0	84	16384	28	1	3000	1	100	10	46	1	0	6	9	4.33	1	2.52	4	15.38	attack
0.001436	0	88	10240	32	3	0	0	0	2	43	1	0	6	9	4.33	1	2.52	4	15.38	normal
0.00189	0	84	16384	28	1	3000	1	100	11	47	1	0	6	9	4.33	1	2.52	4	15.38	attack
0.001776	0	66	0	10	0	0	2	0	11	48	2	0	6	9	4.33	1	2.52	4	15.38	normal
0.000934	0	84	0	28	4	3000	1	100	11	49	1	0	6	9	4.33	1	2.52	4	15.38	normal
0.000914	0	84	0	28	2	3000	1	100	12	50	1	0	6	9	4.33	1	2.52	4	15.38	normal
0.000914	0	84	0	28	5	2993	1	0	11	52	1	0	6	9	4.33	1	2.52	4	15.38	normal
0.003357	0	84	0	28	0	0	4	1,0	9	66	2	0	6	9	4.33	1	2.52	4	15.38	normal
0.001883	0	92	0	36	0	0	4	1,1,0	11	67	2	0	6	9	4.33	1	2.52	4	15.38	normal
0.005174	0	76	0	20	0	0	4	0	9	77	2	0	6	9	4.33	1	2.52	4	15.38	normal
0.002631	0	76	0	20	0	0	4	0	3	102	2	0	6	9	4.33	1	2.52	4	15.38	normal
0.940246	0	88	10240	32	4	0	0	0	7	40	1	0	3	17	13.67	4	2.61	7	17.07	normal
0.004896	0	88	10240	32	0	0	0	0	1	40	0	0	3	17	13.67	4	2.61	7	17.07	attack
0.000947	0	88	10240	32	1	0	0	0	7	41	1	0	3	17	13.67	4	2.61	7	17.07	normal
0.002142	0	88	10240	32	5	0	0	0	5	40	1	0	3	17	13.67	4	2.61	7	17.07	normal
0.000999	0	88	10240	32	3	0	0	0	7	43	1	0	3	17	13.67	4	2.61	7	17.07	normal
0.001209	0	84	16384	28	1	3000	1	100	8	42	1	0	3	17	13.67	4	2.61	7	17.07	attack
0.00061	0	88	10240	32	1	0	0	0	5	41	1	0	3	17	13.67	4	2.61	7	17.07	normal
0.001812	0	84	0	28	2	5439	1	1	9	42	1	0	3	17	13.67	4	2.61	7	17.07	normal
0.001862	0	88	10240	32	3	0	0	0	7	45	1	0	3	17	13.67	4	2.61	7	17.07	normal
0.000128	0	88	10240	32	4	0	0	0	5	42	1	0	3	17	13.67	4	2.61	7	17.07	normal
0.001811	0	84	0	28	5	5199	1	1	9	45	1	0	3	17	13.67	4	2.61	7	17.07	normal
0.000914	0	84	0	28	2	3000	1	100	10	47	1	0	3	17	13.67	4	2.61	7	17.07	normal
0.002101	0	84	16384	28	1	3000	1	100	8	43	1	0	3	17	13.67	4	2.61	7	17.07	attack
0.000455	0	88	10240	32	4	0	0	0	5	43	1	0	3	17	13.67	4	2.61	7	17.07	normal
0.001812	0	84	0	28	5	5199	1	1	9	46	1	0	3	17	13.67	4	2.61	7	17.07	normal
0.00105	0	66	0	10	0	0	2	0	8	49	2	0	3	17	13.67	4	2.61	7	17.07	normal
0.002068	0	84	16384	28	1	3000	1	100	8	46	1	0	3	17	13.67	4	2.61	7	17.07	attack
0.00085	0	66	0	10	0	0	2	0	8	50	2	0	3	17	13.67	4	2.61	7	17.07	normal
0.001051	0	66	0	10	0	0	2	0	8	51	2	0	3	17	13.67	4	2.61	7	17.07	normal
0.003077	0	84	0	28	2	3000	1	100	10	52	1	0	3	17	13.67	4	2.61	7	17.07	normal
0.000914	0	84	0	28	4	3000	1	100	8	54	1	0	3	17	13.67	4	2.61	7	17.07	normal
0.000914	0	84	0	28	4	3000	1	100	8	55	1	0	3	17	13.67	4	2.61	7	17.07	normal
0.000914	0	84	0	28	6	2970	1	100	8	56	1	0	3	17	13.67	4	2.61	7	17.07	normal
0.001014	0	84	16384	28	1	2975	1	0	11	48	1	0	3	17	13.67	4	2.61	7	17.07	normal
0.001599	0	84	16384	28	1	2994	1	0	11	49	1	0	3	17	13.67	4	2.61	7	17.07	normal
0.00132	0	84	16384	28	1	2993	1	0	11	50	1	0	3	17	13.67	4	2.61	7	17.07	normal
0.000454	0	84	0	28	2	2994	1	0	12	47	1	0	3	17	13.67	4	2.61	7	17.07	normal
0.000514	0	84	0	28	2	2975	1	0	13	49	1	0	3	17	13.67	4	2.61	7	17.07	normal
0.000914	0	84	0	28	3	2975	1	0	10	59	1	0	3	17	13.67	4	2.61	7	17.07	normal
0.002594	0	84	0	28	2	2993	1	0	13	50	1	0	3	17	13.67	4	2.61	7	17.07	normal
0.000914	0	84	0	28	3	2993	1	0	10	60	1	0	3	17	13.67	4	2.61	7	17.07	normal
0.001879	0	66	0	10	0	0	2	0	11	51	2	0	3	17	13.67	4	2.61	7	17.07	normal
0.000911	0	66	0	10	0	0	2	0	11	52	2	0	3	17	13.67	4	2.61	7	17.07	normal
0.000885	0	66	0	10	0	0	2	0	11	53	2	0	3	17	13.67	4	2.61	7	17.07	normal
0.00085	0	76	0	20	0	0	4	1	8	67	2	0	3	17	13.67	4	2.61	7	17.07	normal
0.04068	0	76	0	20	0	0	4	0	11	60	2	0	3	17	13.67	4	2.61	7	17.07	normal
0.00099	0	76	0	20	0	0	4	0	5	62	2	0	3	17	13.67	4	2.61	7	17.07	normal
0.001065	0	100	0	44	0	0	4	1,1,1,0	11	65	2	0	3	17	13.67	4	2.61	7	17.07	normal
0.007562	0	76	0	20	0	0	4	0	8	102	2	0	3	17	13.67	4	2.61	7	17.07	normal
0.005695	0	76	0	20	0	0	4	0	8	111	2	0	3	17	13.67	4	2.61	7	17.07	normal
0.000965	0	76	0	20	0	0	4	0	5	102	2	0	3	17	13.67	4	2.61	7	17.07	normal
0.001214	0	84	0	28	6	5119	1	1	3	41	1	0	0	7	7	7	3	0	0	normal
0.003721	0	84	0	28	2	5439	1	1	3	42	1	0	0	7	7	7	3	0	0	normal
0.003766	0	84	0	28	5	5199	1	1	3	45	1	0	0	7	7	7	3	0	0	normal
0.009129	0	84	0	28	5	5199	1	1	3	46	1	0	0	7	7	7	3	0	0	normal
0.001014	0	84	16384	28	1	2975	1	0	4	48	1	0	0	7	7	7	3	0	0	normal
0.001609	0	84	16384	28	1	2994	1	0	4	49	1	0	0	7	7	7	3	0	0	normal
0.00133	0	84	16384	28	1	2993	1	0	4	50	1	0	0	7	7	7	3	0	0	normal